0.700,30,21,67
B0,mixamorig_Hips,-1,0.9964909553527832,-0.08362335711717606,0.0035700590815395117,0,0.08129365742206573,0.977120041847229,0.19654197990894318,0,-0.019923871383070946,-0.19556204974651337,0.9804890751838684,0,0.37260401248931885,88.1226806640625,0.1300320029258728,1
B1,mixamorig_Spine,0,0.9926319718360901,0.12106301635503769,-0.00503605417907238,0,-0.11830096691846848,0.9772968888282776,0.17576941847801208,0,0.02620089426636696,-0.17387858033180237,0.9844180345535278,0,9.999999974752427e-7,9.92345905303955,-1.227334976196289,1
B2,mixamorig_Spine1,1,0.9999600052833557,0.008840200491249561,0.001133844954892993,0,-0.008874804712831974,0.9993339776992798,0.03539866581559181,0,-0.0008201589225791395,-0.035407330840826035,0.9993729591369629,0,-0.00013899999612476677,11.645440101623535,-1.422340989112854,1
B3,mixamorig_Spine2,2,0.9999939799308777,0.003163978224620223,0.0011962885037064552,0,-0.003255996620282531,0.9962090849876404,0.0869297906756401,0,-0.0009167099487967789,-0.08693321794271469,0.996213972568512,0,0.00009100000170292333,13.360203742980957,-1.6264599561691284,1
B4,mixamorig_Neck,3,0.999970018863678,-0.004439856857061386,0.006274726241827011,0,0.0048501621931791306,0.9977440237998962,-0.06696327775716782,0,-0.005963264964520931,0.06699172407388687,0.9977359771728516,0,0.00002499999936844688,15.032490730285645,0.7929049730300903,1
B5,mixamorig_Head,4,0.998399019241333,-0.05653110519051552,0.0016740026185289025,0,0.05476389452815056,0.9589489698410034,-0.27824029326438904,0,0.014123957604169846,0.27788668870925903,0.9605101346969604,0,0.0000019999999949504854,10.321830749511719,3.1424291133880615,1
B6,mixamorig_HeadTop_End,5,1,0,0,0,0,1,0,0,0,0,1,0,0.0001539999939268455,18.474672317504883,6.636398792266846,1
B7,mixamorig_LeftEye,5,1,0,0,0,0,1,0,0,0,0,1,0,2.9479150772094727,7.681746006011963,9.120731353759766,1
B8,mixamorig_RightEye,5,1,0,0,0,0,1,0,0,0,0,1,0,-2.9444808959960938,7.681746006011963,9.120495796203613,1
B9,mixamorig_LeftShoulder,3,0.976172924041748,-0.20481829345226288,0.07165785133838654,0,0.20353272557258606,0.978752076625824,0.024884795770049095,0,-0.07523217052221298,-0.009707150049507618,0.9971190094947815,0,6.105823993682861,9.110424041748047,0.705551028251648,1
B10,mixamorig_LeftArm,9,0.5554659962654114,-0.8170900940895081,-0.1543426364660263,0,0.8272879719734192,0.5242791175842285,0.2018047422170639,0,-0.08397401124238968,-0.239781454205513,0.9671878814697266,0,12.655036926269531,-0.2659339904785156,-2.600922107696533,1
B11,mixamorig_LeftForeArm,10,8.771653483563568e-7,0,1,0,0,1,0,0,-1,0,8.771653483563568e-7,0,27.40468406677246,0.00003899999865097925,0.000007000000096013537,1
B12,mixamorig_LeftHand,11,0.9775410294532776,0.20279018580913544,0.05736372992396355,0,-0.2060578167438507,0.9768009781837463,0.05830007418990135,0,-0.044210284948349,-0.06881098449230194,0.996649980545044,0,27.614463806152344,0.000029000000722589903,0.000019999999494757503,1
B13,mixamorig_LeftHandMiddle1,12,0.16163595020771027,-0.9810460209846497,-0.10687931627035141,0,0.9767270088195801,0.17450982332229614,-0.12470105290412903,0,0.14098893105983734,-0.08423572778701782,0.9864210486412048,0,12.77552318572998,0.000012999999853491317,0.000019999999494757503,1
B14,mixamorig_LeftHandMiddle2,13,0.2032918632030487,-0.9740219712257385,-0.09976374357938766,0,0.974021852016449,0.21156315505504608,-0.08075522631406784,0,0.09976381063461304,-0.08075530081987381,0.9917290210723877,0,3.613970994949341,0.000003000000106112566,0.0000019999999949504854,1
B15,mixamorig_LeftHandMiddle3,14,0.4725370705127716,-0.8767239451408386,-0.08979789167642593,0,0.8767238855361938,0.4780130684375763,-0.053464166820049286,0,0.08979789912700653,-0.053464170545339584,0.9945239424705505,0,3.4597599506378174,9.999999974752427e-7,-0.000025999999706982635,1
B16,mixamorig_LeftHandMiddle4,15,1,0,0,0,0,1,0,0,0,0,1,0,3.680191993713379,0,0.00003300000025774352,1
B17,mixamorig_LeftHandThumb1,12,0.9881299734115601,-0.1037968248128891,-0.11324924975633621,0,0.10148013383150101,0.9944959282875061,-0.026048390194773674,0,0.11532971262931824,0.014246652834117413,0.9932250380516052,0,3.7888100147247314,-2.166996955871582,3.0030879974365234,1
B18,mixamorig_LeftHandThumb2,17,0.9148550629615784,0.3676987886428833,-0.1668458878993988,0,-0.30435317754745483,0.8994958996772766,0.31349003314971924,0,0.2653471529483795,-0.23601791262626648,0.9348189234733582,0,3.675442934036255,-2.1220080852508545,2.12201189994812,1
B19,mixamorig_LeftHandThumb3,18,0.7485390901565552,0.23253986239433289,0.6209790110588074,0,-0.17150728404521942,0.9725210070610046,-0.15744490921497345,0,-0.6405271291732788,0.01135124359279871,0.7678520083427429,0,3.3943591117858887,-1.9597439765930176,1.959792971611023,1
B20,mixamorig_LeftHandThumb4,19,1,0,0,0,0,1,0,0,0,0,1,0,2.6794040203094482,-1.5469449758529663,1.5469199419021606,1
B21,mixamorig_LeftHandIndex1,12,-0.014521661214530468,-0.9851229786872864,-0.17123617231845856,0,0.9948930144309998,0.0028726437594741583,-0.10089810937643051,0,0.09988894313573837,-0.17182686924934387,0.9800500869750977,0,12.26661491394043,-0.23166899383068085,2.8220579624176025,1
B22,mixamorig_LeftHandIndex2,21,0.3061301112174988,-0.9470349550247192,-0.09699998050928116,0,0.9470351338386536,0.31333380937576294,-0.07033087313175201,0,0.0969991385936737,-0.07033197581768036,0.992796003818512,0,3.8919670581817627,0.0000019999999949504854,0.00003899999865097925,1
B23,mixamorig_LeftHandIndex3,22,0.06619317084550858,-0.9926140308380127,-0.10166766494512558,0,0.9926139116287231,0.0758877545595169,-0.09465144574642181,0,0.10166759788990021,-0.09465139359235764,0.9903050065040588,0,3.415160894393921,9.999999974752427e-7,-0.000009000000318337698,1
B24,mixamorig_LeftHandIndex4,23,1,0,0,0,0,1,0,0,0,0,1,0,3.077986001968384,0,-0.000009000000318337698,1
B25,mixamorig_LeftHandRing1,12,0.19853781163692474,-0.9773150682449341,-0.07374516874551773,0,0.9709490537643433,0.20638205111026764,-0.12109513580799103,0,0.13356782495975494,-0.04756084457039833,0.9898980259895325,0,12.147005081176758,0.00989499967545271,-2.2166290283203125,1
B26,mixamorig_LeftHandRing2,25,-0.016318131238222122,-0.9946630597114563,-0.10187782347202301,0,0.9946630597114563,-0.005766863934695721,-0.10301512479782104,0,0.1018778532743454,-0.10301515460014343,0.9894489645957947,0,3.6011910438537598,0.0000019999999949504854,0.000035000000934815034,1
B27,mixamorig_LeftHandRing3,26,0.3360258638858795,-0.9369510412216187,-0.0959666445851326,0,0.9369509816169739,0.34291908144950867,-0.06730075925588608,0,0.09596632421016693,-0.06730124354362488,0.9931069612503052,0,3.307317018508911,0.000004999999873689376,-0.00002099999983329326,1
B28,mixamorig_LeftHandRing4,27,1,0,0,0,0,1,0,0,0,0,1,0,3.6601150035858154,0.000003000000106112566,0,1
B29,mixamorig_LeftHandPinky1,12,0.19316159188747406,-0.9661489725112915,-0.17101019620895386,0,0.9526009559631348,0.22641825675964355,-0.2031916230916977,0,0.23503324389457703,-0.12365567684173584,0.9640899300575256,0,10.908194541931152,-0.22636500000953674,-4.725818157196045,1
B30,mixamorig_LeftHandPinky2,29,0.24483105540275574,-0.9645200371742249,-0.09878979623317719,0,0.9645199775695801,0.2526710331439972,-0.07654478400945663,0,0.0987902507185936,-0.0765441507101059,0.9921600222587585,0,4.136651992797852,0.0000019999999949504854,0.00002700000004551839,1
B31,mixamorig_LeftHandPinky3,30,0.2861197888851166,-0.9532070159912109,-0.0976320281624794,0,0.9532068967819214,0.293531209230423,-0.07235991954803467,0,0.09763205796480179,-0.07235995680093765,0.9925890564918518,0,2.5948359966278076,0,-0.00003600000127335079,1
B32,mixamorig_LeftHandPinky4,31,1,0,0,0,0,1,0,0,0,0,1,0,2.9238688945770264,9.999999974752427e-7,0.000018999999156221747,1
B33,mixamorig_RightShoulder,3,0.9758159518241882,0.2054821401834488,-0.07457104325294495,0,-0.20410485565662384,0.9786109924316406,0.02572471834719181,0,0.07826200127601624,-0.009882275946438313,0.9968839883804321,0,-6.105696201324463,9.110508918762207,0.7055630087852478,1
B34,mixamorig_RightArm,33,0.6442080736160278,0.5868079662322998,-0.4905640780925751,0,-0.6319831013679504,0.7696529030799866,0.0907319188117981,0,0.43080610036849976,0.25157785415649414,0.8666689991950989,0,-12.655040740966797,-0.2660210132598877,-2.600895881652832,1
B35,mixamorig_RightForeArm,34,-0.004752008244395256,-5.939950042943565e-8,-0.9999889731407166,0,-0.000024999855668284,1,5.939948621858093e-8,0,0.9999889731407166,0.00002499986112525221,-0.004752008244395256,0,-27.40468406677246,0.00003300000025774352,0.000004999999873689376,1
B36,mixamorig_RightHand,35,0.9561479687690735,-0.19351424276828766,-0.2198469042778015,0,0.21740573644638062,0.9719211459159851,0.09002388268709183,0,0.19625303149223328,-0.13387218117713928,0.9713719487190247,0,-27.614463806152344,0.00002300000051036477,0.000018000000636675395,1
B37,mixamorig_RightHandMiddle1,36,0.2641791105270386,0.964044988155365,-0.028755130246281624,0,-0.9605630040168762,0.2603089213371277,-0.09776215255260468,0,-0.08676189184188843,0.053447823971509933,0.9947940111160278,0,-12.77552318572998,0.000009000000318337698,0.000018000000636675395,1
B38,mixamorig_RightHandMiddle2,37,0.19093604385852814,0.9783658981323242,0.07964929193258286,0,-0.978365957736969,0.1962629109621048,-0.06543217599391937,0,-0.07964877039194107,-0.06543275713920593,0.9946730732917786,0,-3.613970994949341,0.000003000000106112566,0.000003000000106112566,1
B39,mixamorig_RightHandMiddle3,38,0.3022601008415222,0.9500819444656372,0.07734605669975281,0,-0.950082004070282,0.3068540096282959,-0.056428905576467514,0,-0.077346071600914,-0.05642891302704811,0.9954059720039368,0,-3.4597599506378174,0,-0.000025999999706982635,1
B40,mixamorig_RightHandMiddle4,39,1,0,0,0,0,1,0,0,0,0,1,0,-3.680191993713379,-9.999999974752427e-7,0.00003300000025774352,1
B41,mixamorig_RightHandThumb1,36,0.9964370131492615,-0.059010911732912064,0.060252126306295395,0,0.05281008407473564,0.9936069250106812,0.09977617859840393,0,-0.06575487554073334,-0.09623884409666061,0.993183970451355,0,-3.788809061050415,-2.1669979095458984,3.003087043762207,1
B42,mixamorig_RightHandThumb2,41,0.9495090246200562,-0.2808609902858734,0.13982190191745758,0,0.2711639702320099,0.9588130116462708,0.08454006910324097,0,-0.15780708193778992,-0.04235690087080002,0.9865610003471375,0,-3.675442934036255,-2.122009038925171,2.12201189994812,1
B43,mixamorig_RightHandThumb3,42,0.921052098274231,-0.30823585391044617,-0.23801973462104797,0,0.25564703345298767,0.939612865447998,-0.22753624618053436,0,0.29378122091293335,0.14872369170188904,0.9442319869995117,0,-3.394357919692993,-1.95974600315094,1.959792971611023,1
B44,mixamorig_RightHandThumb4,43,1,0,0,0,0,1,0,0,0,0,1,0,-2.6794040203094482,-1.5469460487365723,1.5469199419021606,1
B45,mixamorig_RightHandIndex1,36,0.29013791680336,0.9559030532836914,-0.04550290107727051,0,-0.9552569389343262,0.28643009066581726,-0.07377228885889053,0,-0.05748569220304489,0.06487102061510086,0.9962360858917236,0,-12.266615867614746,-0.231673002243042,2.8220560550689697,1
B46,mixamorig_RightHandIndex2,45,0.25586026906967163,0.9635259509086609,0.0784410834312439,0,-0.9635260701179504,0.26075974106788635,-0.0601818822324276,0,-0.07844112068414688,-0.060181908309459686,0.9951009154319763,0,-3.8919670581817627,0,0.000037999998312443495,1
B47,mixamorig_RightHandIndex3,46,0.5577210187911987,0.8272910118103027,0.06735000014305115,0,-0.8272910118103027,0.5606329441070557,-0.035768963396549225,0,-0.06735002994537354,-0.03576898202300072,0.9970880150794983,0,-3.415160894393921,0,-0.000009000000318337698,1
B48,mixamorig_RightHandIndex4,47,1,0,0,0,0,1,0,0,0,0,1,0,-3.077986001968384,-9.999999974752427e-7,-0.000009000000318337698,1
B49,mixamorig_RightHandRing1,36,0.19254088401794434,0.9801440834999084,-0.04738406836986542,0,-0.9768379330635071,0.18685005605220795,-0.10428117215633392,0,-0.09335684776306152,0.06636492908000946,0.9934180378913879,0,-12.147004127502441,0.009890999644994736,-2.2166309356689453,1
B50,mixamorig_RightHandRing2,49,0.3285089433193207,0.9413870573043823,0.07663898915052414,0,-0.9413870573043823,0.3329299986362457,-0.05430583283305168,0,-0.07663815468549728,-0.05430694669485092,0.9955790042877197,0,-3.6011910438537598,0,0.000035000000934815034,1
B51,mixamorig_RightHandRing3,50,0.39856913685798645,0.9141138792037964,0.07441795617341995,0,-0.9141139984130859,0.40252894163131714,-0.04864007607102394,0,-0.07441795617341995,-0.04864007234573364,0.9960399866104126,0,-3.307317018508911,0.000003999999989900971,-0.00002099999983329326,1
B52,mixamorig_RightHandRing4,51,1,0,0,0,0,1,0,0,0,0,1,0,-3.6601150035858154,0.0000019999999949504854,9.999999974752427e-7,1
B53,mixamorig_RightHandPinky1,36,0.10007898509502411,0.9948840141296387,-0.01380991656333208,0,-0.9886200428009033,0.09786292910575867,-0.11425302177667618,0,-0.11231698095798492,0.02508707530796528,0.993355929851532,0,-10.908193588256836,-0.2263689935207367,-4.725820064544678,1
B54,mixamorig_RightHandPinky2,53,0.24462884664535522,0.9664201140403748,0.07867613434791565,0,-0.9664199948310852,0.24960212409496307,-0.06108982488512993,0,-0.07867612689733505,-0.06108982115983963,0.9950270652770996,0,-4.136651992797852,0,0.000025999999706982635,1
B55,mixamorig_RightHandPinky3,54,0.7351320385932922,0.6756879091262817,0.055007994174957275,0,-0.6756880283355713,0.7368759512901306,-0.02142099291086197,0,-0.05500801280140877,-0.021420998498797417,0.9982560276985168,0,-2.5948359966278076,-9.999999974752427e-7,-0.000037000001611886546,1
B56,mixamorig_RightHandPinky4,55,1,0,0,0,0,1,0,0,0,0,1,0,-2.9238688945770264,9.999999974752427e-7,0.000018999999156221747,1
B57,mixamorig_RightUpLeg,0,0.9786389470100403,0.18628139793872833,0.08697899430990219,0,-0.09841170907020569,0.795924186706543,-0.5973437428474426,0,-0.1805027723312378,0.5760241746902466,0.7972548604011536,0,-9.1244535446167,-6.656397819519043,-0.05537800118327141,1
B58,mixamorig_RightLeg,57,0.9996690154075623,0.022541290149092674,0.012365460395812988,0,-0.022882284596562386,0.5607622265815735,0.8276607990264893,0,0.011722463183104992,-0.827670156955719,0.5610926151275635,0,-0.2446800023317337,-40.595436096191406,-0.5145279765129089,1
B59,mixamorig_RightFoot,58,0.9906200766563416,-0.13373880088329315,0.028044402599334717,0,0.12881894409656525,0.8455200791358948,-0.5181708931922913,0,0.0455874428153038,0.5169229507446289,0.8548169136047363,0,0.24466900527477264,-42.04787063598633,-2.0602309703826904,1
B60,mixamorig_RightToeBase,59,1,0,0,0,0,0.9996799826622009,0.025292998179793358,0,0,-0.025292998179793358,0.9996799826622009,0,-0.3733600080013275,-10.492194175720215,12.640663146972656,1
B61,mixamorig_RightToe_End,60,1,0,0,0,0,1,0,0,0,0,1,0,0,0,9.992521286010742,1
B62,mixamorig_LeftUpLeg,0,0.9900619983673096,0.08932666480541229,-0.10861404240131378,0,-0.14032316207885742,0.5766848921775818,-0.8048250675201416,0,-0.009256272576749325,0.8120688796043396,0.5834892392158508,0,9.124452590942383,-6.656398773193359,-0.05537800118327141,1
B63,mixamorig_LeftLeg,62,0.9956469535827637,0.06764308363199234,0.06411934643983841,0,-0.007005807012319565,-0.6316887140274048,0.7751901745796204,0,0.09293972700834274,-0.7722649574279785,-0.6284650564193726,0,0.2446800023317337,-40.59540557861328,-0.517041027545929,1
B64,mixamorig_LeftFoot,63,0.999222993850708,-0.037293728440999985,-0.012742186896502972,0,0.03741426020860672,0.9992559552192688,0.009355757385492325,0,0.012383797205984592,-0.009825228713452816,0.999875009059906,0,-0.24467000365257263,-42.04800033569336,-2.05764102935791,1
B65,mixamorig_LeftToeBase,64,1,0,0,0,0,0.9999920725822449,-0.0040149991400539875,0,0,0.0040149991400539875,0.9999920725822449,0,0.3733600080013275,-10.492193222045898,12.640664100646973,1
B66,mixamorig_LeftToe_End,65,1,0,0,0,0,1,0,0,0,0,1,0,0,9.999999974752427e-7,9.992521286010742,1
@52,0,1,2,3,4,5,9,10,11,12,13,14,15,17,18,19,21,22,23,25,26,27,29,30,31,33,34,35,36,37,38,39,41,42,43,45,46,47,49,50,51,53,54,55,57,58,59,60,62,63,64,65
K0.000,0.9964909553527832,-0.08362335711717606,0.0035700947046279907,0,0.08129364252090454,0.977120041847229,0.19654196500778198,0,-0.019923904910683632,-0.19556203484535217,0.9804890751838684,0,0.37260401248931885,88.1226806640625,0.1300320029258728,1,0.9926319718360901,0.12106302380561829,-0.005036079324781895,0,-0.11830097436904907,0.9772968888282776,0.17576941847801208,0,0.026200922206044197,-0.17387856543064117,0.9844180345535278,0,9.999999974752427e-7,9.92345905303955,-1.227334976196289,1,0.9999600052833557,0.008840198628604412,0.001133842975832522,0,-0.008874802850186825,0.9993339776992798,0.03539866581559181,0,-0.0008201570017263293,-0.035407330840826035,0.9993729591369629,0,-0.00013899999612476677,11.645440101623535,-1.422340989112854,1,0.9999939799308777,0.003163991030305624,0.0011962897842749953,0,-0.0032560094259679317,0.9962090849876404,0.0869297906756401,0,-0.0009167102398350835,-0.08693321794271469,0.996213972568512,0,0.00009100000170292333,13.360203742980957,-1.6264599561691284,1,0.999970018863678,-0.004439847078174353,0.00627472996711731,0,0.004850152879953384,0.9977440237998962,-0.06696327030658722,0,-0.005963269621133804,0.06699171662330627,0.9977359771728516,0,0.00002499999936844688,15.032490730285645,0.7929049730300903,1,0.998399019241333,-0.05653110891580582,0.0016739791026338935,0,0.05476389080286026,0.9589489698410034,-0.27824029326438904,0,0.014123980887234211,0.27788668870925903,0.9605101346969604,0,0.0000019999999949504854,10.321830749511719,3.1424291133880615,1,0.976172924041748,-0.20481827855110168,0.07165784388780594,0,0.20353271067142487,0.978752076625824,0.024884821847081184,0,-0.07523216307163239,-0.009707178920507431,0.9971190094947815,0,6.105823993682861,9.110424041748047,0.705551028251648,1,0.5554660558700562,-0.8170899748802185,-0.15434275567531586,0,0.8272879719734192,0.5242791771888733,0.20180454850196838,0,-0.08397375792264938,-0.239781454205513,0.9671878814697266,0,12.655036926269531,-0.2659339904785156,-2.600922107696533,1,0.0000010457525831952807,0,0.9999999403953552,0,0,1,0,0,-0.9999999403953552,0,0.0000010457525831952807,0,27.40468406677246,0.00003899999865097925,0.000007000000096013537,1,0.9775410294532776,0.20279018580913544,0.05736372247338295,0,-0.2060578167438507,0.9768009781837463,0.058300044387578964,0,-0.044210284948349,-0.06881095468997955,0.996649980545044,0,27.614463806152344,0.000029000000722589903,0.000019999999494757503,1,0.1616361290216446,-0.9810460209846497,-0.1068793386220932,0,0.9767270684242249,0.17450998723506927,-0.12470077723264694,0,0.14098867774009705,-0.084235779941082,0.9864210486412048,0,12.77552318572998,0.000012999999853491317,0.000019999999494757503,1,0.20329183340072632,-0.9740220308303833,-0.09976392984390259,0,0.9740219116210938,0.21156315505504608,-0.08075542747974396,0,0.09976405650377274,-0.08075542747974396,0.9917290210723877,0,3.613970994949341,0.000003000000106112566,0.0000019999999949504854,1,0.47253692150115967,-0.8767240643501282,-0.08979799598455429,0,0.8767240047454834,0.47801294922828674,-0.053464241325855255,0,0.08979801088571548,-0.053464241325855255,0.9945239424705505,0,3.4597599506378174,9.999999974752427e-7,-0.000025999999706982635,1,0.9881299734115601,-0.10379684716463089,-0.1132492646574974,0,0.1014801561832428,0.9944959282875061,-0.026048369705677032,0,0.11532972753047943,0.014246628619730473,0.9932250380516052,0,3.7888100147247314,-2.166996955871582,3.0030879974365234,1,0.9148550629615784,0.3676987886428833,-0.1668458729982376,0,-0.30435317754745483,0.8994958996772766,0.3134900629520416,0,0.2653471529483795,-0.23601795732975006,0.9348189234733582,0,3.675442934036255,-2.1220080852508545,2.12201189994812,1,0.7485390901565552,0.23253977298736572,0.6209790110588074,0,-0.17150725424289703,0.9725210070610046,-0.1574448198080063,0,-0.6405271291732788,0.011351186782121658,0.7678520083427429,0,3.3943591117858887,-1.9597439765930176,1.959792971611023,1,-0.014521640725433826,-0.9851228594779968,-0.17123621702194214,0,0.994892954826355,0.0028726342134177685,-0.1008979082107544,0,0.09988871961832047,-0.17182691395282745,0.9800501465797424,0,12.26661491394043,-0.23166899383068085,2.8220579624176025,1,0.30613014101982117,-0.9470349550247192,-0.0969998836517334,0,0.9470350742340088,0.31333380937576294,-0.07033088058233261,0,0.09699911624193192,-0.0703318789601326,0.992796003818512,0,3.8919670581817627,0.0000019999999949504854,0.00003899999865097925,1,0.06619326025247574,-0.9926139116287231,-0.10166804492473602,0,0.9926137924194336,0.07588791847229004,-0.09465174376964569,0,0.10166792571544647,-0.09465174376964569,0.9903049468994141,0,3.415160894393921,9.999999974752427e-7,-0.000009000000318337698,1,0.19853781163692474,-0.9773150682449341,-0.07374528050422668,0,0.9709490537643433,0.20638205111026764,-0.12109499424695969,0,0.1335677057504654,-0.04756098613142967,0.9898980259895325,0,12.147005081176758,0.00989499967545271,-2.2166290283203125,1,-0.01631816476583481,-0.9946630597114563,-0.10187796503305435,0,0.9946630597114563,-0.005766863934695721,-0.10301530361175537,0,0.10187803208827972,-0.10301529616117477,0.9894489645957947,0,3.6011910438537598,0.0000019999999949504854,0.000035000000934815034,1,0.3360258638858795,-0.9369511008262634,-0.09596648812294006,0,0.9369509816169739,0.34291908144950867,-0.06730101257562637,0,0.09596650302410126,-0.06730101257562637,0.9931069612503052,0,3.307317018508911,0.000004999999873689376,-0.00002099999983329326,1,0.19316168129444122,-0.9661490321159363,-0.17100995779037476,0,0.9526010751724243,0.22641825675964355,-0.20319147408008575,0,0.2350330501794815,-0.12365546077489853,0.9640899896621704,0,10.908194541931152,-0.22636500000953674,-4.725818157196045,1,0.24483105540275574,-0.9645199775695801,-0.09878962486982346,0,0.9645198583602905,0.2526710331439972,-0.07654494047164917,0,0.09879035502672195,-0.07654394954442978,0.9921600222587585,0,4.136651992797852,0.0000019999999949504854,0.00002700000004551839,1,0.2861197888851166,-0.9532070755958557,-0.09763197600841522,0,0.9532069563865662,0.293531209230423,-0.07235988974571228,0,0.0976320207118988,-0.07235989719629288,0.9925890564918518,0,2.5948359966278076,0,-0.00003600000127335079,1,0.9758159518241882,0.2054821401834488,-0.07457101345062256,0,-0.20410485565662384,0.9786109924316406,0.02572471648454666,0,0.07826197147369385,-0.00988228153437376,0.9968839883804321,0,-6.105696201324463,9.110508918762207,0.7055630087852478,1,0.6442081332206726,0.5868079662322998,-0.4905640184879303,0,-0.6319831013679504,0.7696529030799866,0.09073187410831451,0,0.430806040763855,0.25157788395881653,0.8666689991950989,0,-12.655040740966797,-0.2660210132598877,-2.600895881652832,1,-0.004752008244395256,-5.953850035211872e-8,-0.9999889135360718,0,-0.00002505953671061434,1,5.954620263537436e-8,0,0.9999889135360718,0.00002505954216758255,-0.004752008244395256,0,-27.40468406677246,0.00003300000025774352,0.000004999999873689376,1,0.9561479687690735,-0.19351427257061005,-0.2198469191789627,0,0.217405766248703,0.9719211459159851,0.09002384543418884,0,0.19625304639339447,-0.1338721662759781,0.9713719487190247,0,-27.614463806152344,0.00002300000051036477,0.000018000000636675395,1,0.2641791105270386,0.964044988155365,-0.02875501662492752,0,-0.9605630040168762,0.2603089213371277,-0.09776225686073303,0,-0.08676201850175858,0.05344774201512337,0.9947940111160278,0,-12.77552318572998,0.000009000000318337698,0.000018000000636675395,1,0.19093604385852814,0.978365957736969,0.07964944839477539,0,-0.9783660173416138,0.1962629109621048,-0.06543193757534027,0,-0.07964856922626495,-0.06543295085430145,0.9946730732917786,0,-3.613970994949341,0.000003000000106112566,0.000003000000106112566,1,0.3022601306438446,0.9500818848609924,0.07734598219394684,0,-0.9500819444656372,0.3068540096282959,-0.05642886087298393,0,-0.07734600454568863,-0.05642886087298393,0.9954059720039368,0,-3.4597599506378174,0,-0.000025999999706982635,1,0.9964370131492615,-0.059010908007621765,0.06025213003158569,0,0.05281008034944534,0.9936069250106812,0.09977616369724274,0,-0.06575487554073334,-0.09623882919549942,0.993183970451355,0,-3.788809061050415,-2.1669979095458984,3.003087043762207,1,0.9495090246200562,-0.2808610200881958,0.13982191681861877,0,0.2711640000343323,0.958812952041626,0.08454009890556335,0,-0.1578070968389511,-0.04235691949725151,0.9865610003471375,0,-3.675442934036255,-2.122009038925171,2.12201189994812,1,0.921052098274231,-0.30823594331741333,-0.23801974952220917,0,0.25564712285995483,0.939612865447998,-0.22753629088401794,0,0.2937812805175781,0.14872370660305023,0.9442319869995117,0,-3.394357919692993,-1.95974600315094,1.959792971611023,1,0.29013791680336,0.9559030532836914,-0.0455026775598526,0,-0.9552569389343262,0.28643012046813965,-0.07377220690250397,0,-0.057485681027173996,0.06487078219652176,0.9962360858917236,0,-12.266615867614746,-0.231673002243042,2.8220560550689697,1,0.255860298871994,0.9635259509086609,0.07844097167253494,0,-0.9635260701179504,0.26075974106788635,-0.06018181890249252,0,-0.07844103127717972,-0.060181815177202225,0.9951009154319763,0,-3.8919670581817627,0,0.000037999998312443495,1,0.5577210187911987,0.8272910118103027,0.06734998524188995,0,-0.8272910118103027,0.5606329441070557,-0.035768963396549225,0,-0.06735002249479294,-0.035768963396549225,0.9970880150794983,0,-3.415160894393921,0,-0.000009000000318337698,1,0.19254088401794434,0.9801440834999084,-0.04738391563296318,0,-0.9768379330635071,0.18685005605220795,-0.10428120940923691,0,-0.0933569073677063,0.06636478751897812,0.9934180378913879,0,-12.147004127502441,0.009890999644994736,-2.2166309356689453,1,0.32850897312164307,0.9413869976997375,0.07663887739181519,0,-0.9413869976997375,0.3329299986362457,-0.05430583655834198,0,-0.0766381174325943,-0.054306838661432266,0.9955790042877197,0,-3.6011910438537598,0,0.000035000000934815034,1,0.39856913685798645,0.9141138792037964,0.07441800087690353,0,-0.9141139984130859,0.40252894163131714,-0.04864010214805603,0,-0.07441800087690353,-0.04864010214805603,0.9960399866104126,0,-3.307317018508911,0.000003999999989900971,-0.00002099999983329326,1,0.1000789925456047,0.9948840141296387,-0.013809909112751484,0,-0.9886200428009033,0.09786293655633926,-0.11425294727087021,0,-0.11231691390275955,0.025087060406804085,0.993355929851532,0,-10.908193588256836,-0.2263689935207367,-4.725820064544678,1,0.24462886154651642,0.96642005443573,0.0786760076880455,0,-0.9664199352264404,0.24960212409496307,-0.06108972430229187,0,-0.0786760002374649,-0.06108972802758217,0.9950270652770996,0,-4.136651992797852,0,0.000025999999706982635,1,0.7351320385932922,0.6756879091262817,0.05500799044966698,0,-0.6756880283355713,0.7368759512901306,-0.021420996636152267,0,-0.05500801280140877,-0.021420996636152267,0.9982560276985168,0,-2.5948359966278076,-9.999999974752427e-7,-0.000037000001611886546,1,0.9786388874053955,0.18628136813640594,0.08697912842035294,0,-0.09841159731149673,0.795924186706543,-0.5973438024520874,0,-0.18050286173820496,0.5760242342948914,0.7972548007965088,0,-9.1244535446167,-6.656397819519043,-0.05537800118327141,1,0.9996690154075623,0.022541001439094543,0.0123653095215559,0,-0.022881995886564255,0.5607622265815735,0.8276607990264893,0,0.01172230951488018,-0.827670156955719,0.5610926151275635,0,-0.2446800023317337,-40.595436096191406,-0.5145279765129089,1,0.9906200766563416,-0.1337389200925827,0.028044462203979492,0,0.128819078207016,0.84552001953125,-0.518170952796936,0,0.045587461441755295,0.5169230103492737,0.8548169136047363,0,0.24466900527477264,-42.04787063598633,-2.0602309703826904,1,1,0,0,0,0,0.9996799826622009,0.025292998179793358,0,0,-0.025292998179793358,0.9996799826622009,0,-0.3733600080013275,-10.492194175720215,12.640663146972656,1,0.9900619983673096,0.08932669460773468,-0.10861420631408691,0,-0.14032331109046936,0.576684832572937,-0.8048250675201416,0,-0.009256207384169102,0.8120689392089844,0.583489179611206,0,9.124452590942383,-6.656398773193359,-0.05537800118327141,1,0.9956469535827637,0.0676429271697998,0.06411939114332199,0,-0.007005925290286541,-0.6316889524459839,0.7751901149749756,0,0.09293963015079498,-0.7722648978233337,-0.6284652948379517,0,0.2446800023317337,-40.59540557861328,-0.517041027545929,1,0.999222993850708,-0.037293728440999985,-0.012742194347083569,0,0.03741426393389702,0.9992559552192688,0.009355762973427773,0,0.012383803725242615,-0.009825234301388264,0.999875009059906,0,-0.24467000365257263,-42.04800033569336,-2.05764102935791,1,1,0,0,0,0,0.9999920725822449,-0.004015000071376562,0,0,0.004015000071376562,0.9999920725822449,0,0.3733600080013275,-10.492193222045898,12.640664100646973,1
