1.967,30,59,65
B0,mixamorig_Hips,-1,0.4923839867115021,-0.027672000229358673,0.8699380159378052,0,0.09734500199556351,0.9949740171432495,-0.023447999730706215,0,-0.864916980266571,0.09623000025749207,0.49260300397872925,0,2.3183889389038086,89.28022003173828,-1.506376028060913,1
B1,mixamorig_Spine,0,0.9999009966850281,0.011125000193715096,0.008590999990701675,0,-0.011013000272214413,0.9998549818992615,-0.012985000386834145,0,-0.008733999915421009,0.012888999655842781,0.999879002571106,0,0,11.654693603515625,-0.7797080278396606,1
B2,mixamorig_Spine1,1,0.9993129968643188,-0.036403000354766846,0.006928000133484602,0,0.03544300049543381,0.993511974811554,0.10806600004434586,0,-0.010816999711096287,-0.10774599760770798,0.9941200017929077,0,0,13.62753963470459,0,1
B3,mixamorig_Spine2,2,0.9993230104446411,-0.03629299998283386,0.005979999899864197,0,0.03543400019407272,0.9934999942779541,0.10817500203847885,0,-0.00986700039356947,-0.10789000242948532,0.9941139817237854,0,0,15.574333190917969,0,1
B4,mixamorig_Neck,3,0.994225025177002,0.015838999301195145,-0.10613799840211868,0,0.015318999998271465,0.9579709768295288,0.2864550054073334,0,0.1062140017747879,-0.28642699122428894,0.9521960020065308,0,0,17.5211181640625,0,1
B5,mixamorig_Head,4,0.7839170098304749,-0.2324569970369339,-0.5757070183753967,0,0.0979980006814003,0.9619680047035217,-0.2549790143966675,0,0.613083004951477,0.14346399903297424,0.7768830060958862,0,0,0.5541380047798157,0.28890499472618103,1
B6,mixamorig_HeadTop_End,5,1,0,0,0,0,1,0,0,0,0,1,0,0,24.441864013671875,12.742974281311035,1
B7,mixamorig_LeftShoulder,3,0.059797000139951706,0.018880000337958336,-0.9980319738388062,0,0.9599289894104004,-0.2753179967403412,0.052306000143289566,0,-0.2737889885902405,-0.9611679911613464,-0.03458699956536293,0,7.385855197906494,16.403852462768555,-0.1239209994673729,1
B8,mixamorig_LeftArm,7,0.9457380175590515,0.021196000277996063,0.32423698902130127,0,-0.14428000152111053,0.9214940071105957,0.360601007938385,0,-0.29113900661468506,-0.387814998626709,0.8745499849319458,0,0,14.7058687210083,0,1
B9,mixamorig_LeftForeArm,8,-0.05380399897694588,0.9932829737663269,0.10243500024080276,0,-0.9953929781913757,-0.061503998935222626,0.07354900240898132,0,0.07935500144958496,-0.0980060026049614,0.9920169711112976,0,0,23.493043899536133,0,1
B10,mixamorig_LeftHand,9,0.9985169768333435,0.05302099883556366,0.012337000109255314,0,-0.054297998547554016,0.9862329959869385,0.15619400143623352,0,-0.003886000020429492,-0.15663300454616547,0.9876490235328674,0,0,27.658523559570312,0,1
B11,mixamorig_LeftHandThumb1,10,0.8831130266189575,0.46683499217033386,-0.04665600135922432,0,-0.4028109908103943,0.805446982383728,0.43474000692367554,0,0.24053099751472473,-0.3651309907436371,0.8993470072746277,0,-2.932046890258789,2.78383207321167,0.4196130037307739,1
B12,mixamorig_LeftHandThumb2,11,0.6205599904060364,-0.7708569765090942,0.14382000267505646,0,0.7831979990005493,0.6183639764785767,-0.06501500308513641,0,-0.038816001266241074,0.15298500657081604,0.9874659776687622,0,0.1409129947423935,3.248795986175537,0,1
B13,mixamorig_LeftHandThumb3,12,0.7874100208282471,-0.6122879981994629,0.07133500277996063,0,0.6162869930267334,0.7844229936599731,-0.0697840005159378,0,-0.013229000382125378,0.09891200065612793,0.9950079917907715,0,0.3070540130138397,3.47271990776062,0,1
B14,mixamorig_LeftHandThumb4,13,1,0,0,0,0,1,0,0,0,0,1,0,-0.4479680061340332,3.0665900707244873,0,1
B15,mixamorig_LeftHandIndex1,10,0.9987310171127319,0.0486069992184639,0.013144999742507935,0,-0.05034099891781807,0.9694579839706421,0.24003300070762634,0,-0.0010760000441223383,-0.24039100110530853,0.9706760048866272,0,-3.0338079929351807,9.99916934967041,0.3871710002422333,1
B16,mixamorig_LeftHandIndex2,15,0.9999639987945557,0.008229999803006649,0.001970000099390745,0,-0.008434999734163284,0.9879950284957886,0.1542530059814453,0,-0.0006769999745301902,-0.15426400303840637,0.9880290031433105,0,-0.0034600000362843275,3.036550998687744,0,1
B17,mixamorig_LeftHandIndex3,16,0.9947739839553833,0.10180400311946869,0.00774900009855628,0,-0.10181199759244919,0.9834280014038086,0.15001000463962555,0,0.007650999817997217,-0.1500149965286255,0.9886540174484253,0,0.08540000021457672,2.8899459838867188,-0.014525000005960464,1
B18,mixamorig_LeftHandIndex4,17,1,0,0,0,0,1,0,0,0,0,1,0,0.37940001487731934,2.6295289993286133,-0.21362100541591644,1
B19,mixamorig_LeftHandMiddle1,10,0.9995440244674683,0.027552999556064606,-0.012368000112473965,0,-0.02403300069272518,0.9736469984054565,0.22678999602794647,0,0.01829100027680397,-0.22638900578022003,0.9738649725914001,0,-0.8466470241546631,9.922863006591797,0.02511500008404255,1
B20,mixamorig_LeftHandMiddle2,19,0.9998900294303894,0.014790999703109264,-0.0006559999892488122,0,-0.014484000392258167,0.9864000082015991,0.1637219935655594,0,0.0030690000858157873,-0.16369399428367615,0.9865059852600098,0,-0.12371200323104858,4.453365802764893,0.05816200003027916,1
B21,mixamorig_LeftHandMiddle3,20,0.9998670220375061,-0.016269000247120857,-0.0006079999729990959,0,0.016270000487565994,0.9971089959144592,0.07422100007534027,0,-0.0006019999855197966,-0.07422100007534027,0.9972419738769531,0,0.01880599930882454,2.9509201049804688,-0.0024590000975877047,1
B22,mixamorig_LeftHandMiddle4,21,1,0,0,0,0,1,0,0,0,0,1,0,-0.0007050000131130219,2.6328680515289307,0,1
B23,mixamorig_LeftHandRing1,10,0.9990090131759644,-0.03223299980163574,-0.030705999583005905,0,0.0386199988424778,0.9705939888954163,0.2376060038805008,0,0.022143999114632607,-0.23855599761009216,0.9708759784698486,0,1.1122089624404907,9.904873847961426,0.03863999992609024,1
B24,mixamorig_LeftHandRing2,23,0.9990419745445251,0.04309700056910515,-0.007575999945402145,0,-0.04151900112628937,0.988286018371582,0.14685699343681335,0,0.01381599996238947,-0.1464020013809204,0.9891290068626404,0,-0.38558900356292725,4.264325141906738,0.002724000019952655,1
B25,mixamorig_LeftHandRing3,24,0.9998260140419006,0.0186110008507967,0.0009580000187270343,0,-0.018628999590873718,0.9967389702796936,0.07851599901914597,0,0.000506000011228025,-0.07851999998092651,0.9969120025634766,0,-0.07291500270366669,2.5214428901672363,0.008624999783933163,1
B26,mixamorig_LeftHandRing4,25,1,0,0,0,0,1,0,0,0,0,1,0,-0.0020830000285059214,2.2833549976348877,0,1
B27,mixamorig_LeftHandPinky1,10,0.9995239973068237,-0.011855999939143658,-0.02846500091254711,0,0.018086999654769897,0.9730619788169861,0.22983500361442566,0,0.024972999468445778,-0.23024000227451324,0.9728130102157593,0,3.2668190002441406,9.054604530334473,0.2953380048274994,1
B28,mixamorig_LeftHandPinky2,27,0.9986220002174377,0.052466001361608505,-0.0010679999832063913,0,-0.05163099989295006,0.985971987247467,0.1587270051240921,0,0.009379999712109566,-0.15845300257205963,0.9873219728469849,0,0.002644999884068966,2.9036319255828857,0,1
B29,mixamorig_LeftHandPinky3,28,0.9999169707298279,-0.012852000072598457,-0.0004189999890513718,0,0.012846999801695347,0.9970909953117371,0.07512299716472626,0,-0.0005469999741762877,-0.07512299716472626,0.9971740245819092,0,0.002445999998599291,2.4850668907165527,0,1
B30,mixamorig_LeftHandPinky4,29,1,0,0,0,0,1,0,0,0,0,1,0,-0.005090999882668257,1.8922959566116333,0,1
B31,mixamorig_RightShoulder,3,0.1349709928035736,-0.027140000835061073,0.990477979183197,0,-0.9423570036888123,-0.31240901350975037,0.11985299736261368,0,0.30618101358413696,-0.9495599865913391,-0.06774099916219711,0,-7.385855197906494,16.397302627563477,-0.026009000837802887,1
B32,mixamorig_RightArm,31,0.9440680146217346,-0.0959869995713234,0.31547099351882935,0,-0.06050800159573555,0.8900250196456909,0.45187801122665405,0,-0.32415199279785156,-0.4456920027732849,0.8344370126724243,0,0,14.7058687210083,0,1
B33,mixamorig_RightForeArm,32,-0.2915729880332947,-0.9489169716835022,-0.12059000134468079,0,0.951104998588562,-0.3010309934616089,0.06913100183010101,0,-0.10190100222826004,-0.09453699737787247,0.9902920126914978,0,0,23.527084350585938,0,1
B34,mixamorig_RightHand,33,0.8581330180168152,0.47200098633766174,-0.2020449936389923,0,-0.3958190083503723,0.8588269948959351,0.3251819908618927,0,0.3270080089569092,-0.19907699525356293,0.9238150119781494,0,0,27.655641555786133,0,1
B35,mixamorig_RightHandThumb1,34,0.9713780283927917,-0.20689700543880463,0.11670000106096268,0,-0.09798499941825867,0.09853799641132355,0.9902979731559753,0,-0.216389000415802,-0.9733880162239075,0.07544499635696411,0,2.9974069595336914,3.0577120780944824,0.4416559934616089,1
B36,mixamorig_RightHandThumb2,35,0.8891969919204712,0.1572369933128357,-0.4296570122241974,0,-0.4535509943962097,0.17944000661373138,-0.8729789853096008,0,-0.06016699969768524,0.9711220264434814,0.2308720052242279,0,0.023414000868797302,3.4435579776763916,0,1
B37,mixamorig_RightHandThumb3,36,0.9546710252761841,0.215597003698349,-0.20523500442504883,0,-0.29750698804855347,0.7134590148925781,-0.6344029903411865,0,0.009650999680161476,0.666703999042511,0.7452600002288818,0,-0.03388100117444992,3.333498001098633,0,1
B38,mixamorig_RightHandThumb4,37,1,0,0,0,0,1,0,0,0,0,1,0,0.010467000305652618,2.6126699447631836,0,1
B39,mixamorig_RightHandIndex1,34,0.9932889938354492,0.0420369990170002,0.10774700343608856,0,-0.11281699687242508,0.1469610035419464,0.9826880097389221,0,0.025474000722169876,-0.9882490038871765,0.15071800351142883,0,3.222343921661377,10.188788414001465,0.24905000627040863,1
B40,mixamorig_RightHandIndex2,39,0.9829480051994324,0.13321299850940704,0.12675699591636658,0,-0.13181200623512268,0.02979700081050396,0.9908270239830017,0,0.1282140016555786,-0.9906389713287354,0.04684799909591675,0,-0.000014999999621068127,3.030489921569824,0,1
B41,mixamorig_RightHandIndex3,40,0.9946659803390503,0.09565900266170502,0.03859499841928482,0,-0.09575700014829636,0.7171800136566162,0.6902779936790466,0,0.03835099935531616,-0.6902909874916077,0.7225139737129211,0,-0.004490999970585108,2.9763169288635254,0,1
B42,mixamorig_RightHandIndex4,41,1,0,0,0,0,1,0,0,0,0,1,0,0.004507000092417002,2.474900007247925,0,1
B43,mixamorig_RightHandMiddle1,34,0.9934530258178711,0.030733000487089157,0.11003000289201736,0,-0.11337599903345108,0.14694400131702423,0.9826260209083557,0,0.014030000194907188,-0.9886670112609863,0.14946599304676056,0,0.9266650080680847,10.387598037719727,0.16402700543403625,1
B44,mixamorig_RightHandMiddle2,43,0.985617995262146,0.12133900076150894,0.11761999875307083,0,-0.12204000353813171,0.029642000794410706,0.9920819997787476,0,0.11689099669456482,-0.9921680092811584,0.04402400180697441,0,0.0019099999917671084,3.371077060699463,0,1
B45,mixamorig_RightHandMiddle3,44,0.9958909749984741,0.08408500254154205,0.033619001507759094,0,-0.08392699807882309,0.717585027217865,0.6913959980010986,0,0.034012001007795334,-0.6913769841194153,0.7216929793357849,0,0.0005929999751970172,3.308295965194702,0,1
B46,mixamorig_RightHandMiddle4,45,1,0,0,0,0,1,0,0,0,0,1,0,-0.002503999974578619,2.8175909519195557,0,1
B47,mixamorig_RightHandRing1,34,0.9933580160140991,0.037436001002788544,0.10880199819803238,0,-0.11316700279712677,0.14694799482822418,0.982649028301239,0,0.02079799957573414,-0.9884359836578369,0.1502079963684082,0,-0.9704949855804443,10.36570930480957,-0.1097399964928627,1
B48,mixamorig_RightHandRing2,47,0.98403400182724,0.12827999889850616,0.12337200343608856,0,-0.12815600633621216,0.029701000079512596,0.9913089871406555,0,0.12349999696016312,-0.9912930130958557,0.045667000114917755,0,0.0010979999788105488,3.1140830516815186,0,1
B49,mixamorig_RightHandRing3,48,0.9952679872512817,0.09018900245428085,0.03614800050854683,0,-0.09010100364685059,0.7174410223960876,0.6907680034637451,0,0.036364998668432236,-0.6907569766044617,0.7221720218658447,0,-0.0014420000370591879,2.9523630142211914,0,1
B50,mixamorig_RightHandRing4,49,1,0,0,0,0,1,0,0,0,0,1,0,0.0003440000000409782,2.603790044784546,0,1
B51,mixamorig_RightHandPinky1,34,0.9936710000038147,0.018185000866651535,0.11084400117397308,0,-0.11231400072574615,0.14697200059890747,0.9827439785003662,0,0.0015800000401213765,-0.9889739751815796,0.14808399975299835,0,-3.1785130500793457,8.884512901306152,0.2645530104637146,1
B52,mixamorig_RightHandPinky2,51,0.9882950186729431,0.10993699729442596,0.10576300323009491,0,-0.1096080020070076,0.0295219998806715,0.9935359954833984,0,0.10610400140285492,-0.9934999942779541,0.04122700169682503,0,-0.0015079999575391412,2.9669220447540283,0,1
B53,mixamorig_RightHandPinky3,52,0.9965879917144775,0.07645899802446365,0.031078999862074852,0,-0.07663600146770477,0.7174689769744873,0.6923620104789734,0,0.030639000236988068,-0.6923810243606567,0.7208809852600098,0,0.000446999998530373,2.5346860885620117,0,1
B54,mixamorig_RightHandPinky4,53,1,0,0,0,0,1,0,0,0,0,1,0,0.0010610000463202596,2.2441539764404297,0,1
B55,mixamorig_LeftUpLeg,0,-0.8623020052909851,-0.3586939871311188,0.35745498538017273,0,0.4714620113372803,-0.8262889981269836,0.30817198753356934,0,0.1848219931125641,0.43426400423049927,0.8816210031509399,0,11.550195693969727,-6.4845051765441895,0.04446199908852577,1
B56,mixamorig_LeftLeg,55,0.9865930080413818,0.14137400686740875,0.08153499662876129,0,-0.025766000151634216,0.6282619833946228,-0.7775750160217285,0,-0.16115400195121765,0.7650489807128906,0.6234809756278992,0,0,42.58970642089844,0,1
B57,mixamorig_LeftFoot,56,0.9521830081939697,-0.23710300028324127,0.1926880031824112,0,-0.05148100107908249,0.49714601039886475,0.8661379814147949,0,-0.30115899443626404,-0.8346419930458069,0.46116799116134644,0,0,36.8361930847168,0,1
B58,mixamorig_LeftToeBase,57,0.9871289730072021,-0.008740000426769257,0.1596899926662445,0,-0.09633199870586395,0.7645530104637146,0.6373209953308105,0,-0.12766200304031372,-0.6445009708404541,0.7538700103759766,0,0,19.10030746459961,0,1
B59,mixamorig_LeftToe_End,58,1,0,0,0,0,1,0,0,0,0,1,0,0,7.46042013168335,0,1
B60,mixamorig_RightUpLeg,0,-0.9591760039329529,0.23658199608325958,-0.15495100617408752,0,-0.2746019959449768,-0.9101430177688599,0.3102149963378906,0,-0.06763599812984467,0.3401010036468506,0.9379540085792542,0,-11.550195693969727,-6.4845051765441895,0.9628700017929077,1
B61,mixamorig_RightLeg,60,0.9918130040168762,0.0780860036611557,0.10103899985551834,0,0.042475998401641846,0.5444459915161133,-0.8377199769020081,0,-0.12042400240898132,0.8351529836654663,0.5366719961166382,0,0,42.68917465209961,0,1
B62,mixamorig_RightFoot,61,0.9776120185852051,-0.03606899827718735,-0.2073020040988922,0,0.2104090005159378,0.1758580058813095,0.9616659879684448,0,0.0017689999658614397,-0.9837549924850464,0.1795099973678589,0,0,36.845706939697266,0,1
B63,mixamorig_RightToeBase,62,0.9836850166320801,0.009991000406444073,-0.17962299287319183,0,0.10720700025558472,0.7692469954490662,0.6298940181732178,0,0.14446799457073212,-0.6388729810714722,0.7556250095367432,0,0,19.299888610839844,0,1
B64,mixamorig_RightToe_End,63,1,0,0,0,0,1,0,0,0,0,1,0,0,7.246574878692627,0,1
@52,0,1,2,3,4,5,7,8,9,10,11,12,13,15,16,17,19,20,21,23,24,25,27,28,29,31,32,33,34,35,36,37,39,40,41,43,44,45,47,48,49,51,52,53,55,56,57,58,60,61,62,63
K0,0.4923839867115021,-0.027672000229358673,0.8699380159378052,0,0.09734500199556351,0.9949740171432495,-0.023447999730706215,0,-0.864916980266571,0.09623000025749207,0.49260300397872925,0,2.3183889389038086,89.28022003173828,-1.506376028060913,1,0.9999009966850281,0.011125000193715096,0.008590999990701675,0,-0.011013000272214413,0.9998549818992615,-0.012985000386834145,0,-0.008733999915421009,0.012888999655842781,0.999879002571106,0,0,11.654693603515625,-0.7797080278396606,1,0.9993129968643188,-0.036403000354766846,0.006928000133484602,0,0.03544300049543381,0.993511974811554,0.10806600004434586,0,-0.010816999711096287,-0.10774599760770798,0.9941200017929077,0,0,13.62753963470459,0,1,0.9993230104446411,-0.03629299998283386,0.005979999899864197,0,0.03543400019407272,0.9934999942779541,0.10817500203847885,0,-0.00986700039356947,-0.10789000242948532,0.9941139817237854,0,0,15.574333190917969,0,1,0.994225025177002,0.015838999301195145,-0.10613799840211868,0,0.015318999998271465,0.9579709768295288,0.2864550054073334,0,0.1062140017747879,-0.28642699122428894,0.9521960020065308,0,0,17.5211181640625,0,1,0.7839170098304749,-0.2324569970369339,-0.5757070183753967,0,0.0979980006814003,0.9619680047035217,-0.2549790143966675,0,0.613083004951477,0.14346399903297424,0.7768830060958862,0,0,0.5541380047798157,0.28890499472618103,1,0.059797000139951706,0.018880000337958336,-0.9980319738388062,0,0.9599289894104004,-0.2753179967403412,0.052306000143289566,0,-0.2737889885902405,-0.9611679911613464,-0.03458699956536293,0,7.385855197906494,16.403852462768555,-0.1239209994673729,1,0.9457380175590515,0.021196000277996063,0.32423698902130127,0,-0.14428000152111053,0.9214940071105957,0.360601007938385,0,-0.29113900661468506,-0.387814998626709,0.8745499849319458,0,0,14.7058687210083,0,1,-0.05380399897694588,0.9932829737663269,0.10243500024080276,0,-0.9953929781913757,-0.061503998935222626,0.07354900240898132,0,0.07935500144958496,-0.0980060026049614,0.9920169711112976,0,0,23.493043899536133,0,1,0.9985169768333435,0.05302099883556366,0.012337000109255314,0,-0.054297998547554016,0.9862329959869385,0.15619400143623352,0,-0.003886000020429492,-0.15663300454616547,0.9876490235328674,0,0,27.658523559570312,0,1,0.8831130266189575,0.46683499217033386,-0.04665600135922432,0,-0.4028109908103943,0.805446982383728,0.43474000692367554,0,0.24053099751472473,-0.3651309907436371,0.8993470072746277,0,-2.932046890258789,2.78383207321167,0.4196130037307739,1,0.6205599904060364,-0.7708569765090942,0.14382000267505646,0,0.7831979990005493,0.6183639764785767,-0.06501500308513641,0,-0.038816001266241074,0.15298500657081604,0.9874659776687622,0,0.1409129947423935,3.248795986175537,0,1,0.7874100208282471,-0.6122879981994629,0.07133500277996063,0,0.6162869930267334,0.7844229936599731,-0.0697840005159378,0,-0.013229000382125378,0.09891200065612793,0.9950079917907715,0,0.3070540130138397,3.47271990776062,0,1,0.9987310171127319,0.0486069992184639,0.013144999742507935,0,-0.05034099891781807,0.9694579839706421,0.24003300070762634,0,-0.0010760000441223383,-0.24039100110530853,0.9706760048866272,0,-3.0338079929351807,9.99916934967041,0.3871710002422333,1,0.9999639987945557,0.008229999803006649,0.001970000099390745,0,-0.008434999734163284,0.9879950284957886,0.1542530059814453,0,-0.0006769999745301902,-0.15426400303840637,0.9880290031433105,0,-0.0034600000362843275,3.036550998687744,0,1,0.9947739839553833,0.10180400311946869,0.00774900009855628,0,-0.10181199759244919,0.9834280014038086,0.15001000463962555,0,0.007650999817997217,-0.1500149965286255,0.9886540174484253,0,0.08540000021457672,2.8899459838867188,-0.014525000005960464,1,0.9995440244674683,0.027552999556064606,-0.012368000112473965,0,-0.02403300069272518,0.9736469984054565,0.22678999602794647,0,0.01829100027680397,-0.22638900578022003,0.9738649725914001,0,-0.8466470241546631,9.922863006591797,0.02511500008404255,1,0.9998900294303894,0.014790999703109264,-0.0006559999892488122,0,-0.014484000392258167,0.9864000082015991,0.1637219935655594,0,0.0030690000858157873,-0.16369399428367615,0.9865059852600098,0,-0.12371200323104858,4.453365802764893,0.05816200003027916,1,0.9998670220375061,-0.016269000247120857,-0.0006079999729990959,0,0.016270000487565994,0.9971089959144592,0.07422100007534027,0,-0.0006019999855197966,-0.07422100007534027,0.9972419738769531,0,0.01880599930882454,2.9509201049804688,-0.0024590000975877047,1,0.9990090131759644,-0.03223299980163574,-0.030705999583005905,0,0.0386199988424778,0.9705939888954163,0.2376060038805008,0,0.022143999114632607,-0.23855599761009216,0.9708759784698486,0,1.1122089624404907,9.904873847961426,0.03863999992609024,1,0.9990419745445251,0.04309700056910515,-0.007575999945402145,0,-0.04151900112628937,0.988286018371582,0.14685699343681335,0,0.01381599996238947,-0.1464020013809204,0.9891290068626404,0,-0.38558900356292725,4.264325141906738,0.002724000019952655,1,0.9998260140419006,0.0186110008507967,0.0009580000187270343,0,-0.018628999590873718,0.9967389702796936,0.07851599901914597,0,0.000506000011228025,-0.07851999998092651,0.9969120025634766,0,-0.07291500270366669,2.5214428901672363,0.008624999783933163,1,0.9995239973068237,-0.011855999939143658,-0.02846500091254711,0,0.018086999654769897,0.9730619788169861,0.22983500361442566,0,0.024972999468445778,-0.23024000227451324,0.9728130102157593,0,3.2668190002441406,9.054604530334473,0.2953380048274994,1,0.9986220002174377,0.052466001361608505,-0.0010679999832063913,0,-0.05163099989295006,0.985971987247467,0.1587270051240921,0,0.009379999712109566,-0.15845300257205963,0.9873219728469849,0,0.002644999884068966,2.9036319255828857,0,1,0.9999169707298279,-0.012852000072598457,-0.0004189999890513718,0,0.012846999801695347,0.9970909953117371,0.07512299716472626,0,-0.0005469999741762877,-0.07512299716472626,0.9971740245819092,0,0.002445999998599291,2.4850668907165527,0,1,0.1349709928035736,-0.027140000835061073,0.990477979183197,0,-0.9423570036888123,-0.31240901350975037,0.11985299736261368,0,0.30618101358413696,-0.9495599865913391,-0.06774099916219711,0,-7.385855197906494,16.397302627563477,-0.026009000837802887,1,0.9440680146217346,-0.0959869995713234,0.31547099351882935,0,-0.06050800159573555,0.8900250196456909,0.45187801122665405,0,-0.32415199279785156,-0.4456920027732849,0.8344370126724243,0,0,14.7058687210083,0,1,-0.2915729880332947,-0.9489169716835022,-0.12059000134468079,0,0.951104998588562,-0.3010309934616089,0.06913100183010101,0,-0.10190100222826004,-0.09453699737787247,0.9902920126914978,0,0,23.527084350585938,0,1,0.8581330180168152,0.47200098633766174,-0.2020449936389923,0,-0.3958190083503723,0.8588269948959351,0.3251819908618927,0,0.3270080089569092,-0.19907699525356293,0.9238150119781494,0,0,27.655641555786133,0,1,0.9713780283927917,-0.20689700543880463,0.11670000106096268,0,-0.09798499941825867,0.09853799641132355,0.9902979731559753,0,-0.216389000415802,-0.9733880162239075,0.07544499635696411,0,2.9974069595336914,3.0577120780944824,0.4416559934616089,1,0.8891969919204712,0.1572369933128357,-0.4296570122241974,0,-0.4535509943962097,0.17944000661373138,-0.8729789853096008,0,-0.06016699969768524,0.9711220264434814,0.2308720052242279,0,0.023414000868797302,3.4435579776763916,0,1,0.9546710252761841,0.215597003698349,-0.20523500442504883,0,-0.29750698804855347,0.7134590148925781,-0.6344029903411865,0,0.009650999680161476,0.666703999042511,0.7452600002288818,0,-0.03388100117444992,3.333498001098633,0,1,0.9932889938354492,0.0420369990170002,0.10774700343608856,0,-0.11281699687242508,0.1469610035419464,0.9826880097389221,0,0.025474000722169876,-0.9882490038871765,0.15071800351142883,0,3.222343921661377,10.188788414001465,0.24905000627040863,1,0.9829480051994324,0.13321299850940704,0.12675699591636658,0,-0.13181200623512268,0.02979700081050396,0.9908270239830017,0,0.1282140016555786,-0.9906389713287354,0.04684799909591675,0,-0.000014999999621068127,3.030489921569824,0,1,0.9946659803390503,0.09565900266170502,0.03859499841928482,0,-0.09575700014829636,0.7171800136566162,0.6902779936790466,0,0.03835099935531616,-0.6902909874916077,0.7225139737129211,0,-0.004490999970585108,2.9763169288635254,0,1,0.9934530258178711,0.030733000487089157,0.11003000289201736,0,-0.11337599903345108,0.14694400131702423,0.9826260209083557,0,0.014030000194907188,-0.9886670112609863,0.14946599304676056,0,0.9266650080680847,10.387598037719727,0.16402700543403625,1,0.985617995262146,0.12133900076150894,0.11761999875307083,0,-0.12204000353813171,0.029642000794410706,0.9920819997787476,0,0.11689099669456482,-0.9921680092811584,0.04402400180697441,0,0.0019099999917671084,3.371077060699463,0,1,0.9958909749984741,0.08408500254154205,0.033619001507759094,0,-0.08392699807882309,0.717585027217865,0.6913959980010986,0,0.034012001007795334,-0.6913769841194153,0.7216929793357849,0,0.0005929999751970172,3.308295965194702,0,1,0.9933580160140991,0.037436001002788544,0.10880199819803238,0,-0.11316700279712677,0.14694799482822418,0.982649028301239,0,0.02079799957573414,-0.9884359836578369,0.1502079963684082,0,-0.9704949855804443,10.36570930480957,-0.1097399964928627,1,0.98403400182724,0.12827999889850616,0.12337200343608856,0,-0.12815600633621216,0.029701000079512596,0.9913089871406555,0,0.12349999696016312,-0.9912930130958557,0.045667000114917755,0,0.0010979999788105488,3.1140830516815186,0,1,0.9952679872512817,0.09018900245428085,0.03614800050854683,0,-0.09010100364685059,0.7174410223960876,0.6907680034637451,0,0.036364998668432236,-0.6907569766044617,0.7221720218658447,0,-0.0014420000370591879,2.9523630142211914,0,1,0.9936710000038147,0.018185000866651535,0.11084400117397308,0,-0.11231400072574615,0.14697200059890747,0.9827439785003662,0,0.0015800000401213765,-0.9889739751815796,0.14808399975299835,0,-3.1785130500793457,8.884512901306152,0.2645530104637146,1,0.9882950186729431,0.10993699729442596,0.10576300323009491,0,-0.1096080020070076,0.0295219998806715,0.9935359954833984,0,0.10610400140285492,-0.9934999942779541,0.04122700169682503,0,-0.0015079999575391412,2.9669220447540283,0,1,0.9965879917144775,0.07645899802446365,0.031078999862074852,0,-0.07663600146770477,0.7174689769744873,0.6923620104789734,0,0.030639000236988068,-0.6923810243606567,0.7208809852600098,0,0.000446999998530373,2.5346860885620117,0,1,-0.8623020052909851,-0.3586939871311188,0.35745498538017273,0,0.4714620113372803,-0.8262889981269836,0.30817198753356934,0,0.1848219931125641,0.43426400423049927,0.8816210031509399,0,11.550195693969727,-6.4845051765441895,0.04446199908852577,1,0.9865930080413818,0.14137400686740875,0.08153499662876129,0,-0.025766000151634216,0.6282619833946228,-0.7775750160217285,0,-0.16115400195121765,0.7650489807128906,0.6234809756278992,0,0,42.58970642089844,0,1,0.9521830081939697,-0.23710300028324127,0.1926880031824112,0,-0.05148100107908249,0.49714601039886475,0.8661379814147949,0,-0.30115899443626404,-0.8346419930458069,0.46116799116134644,0,0,36.8361930847168,0,1,0.9871289730072021,-0.008740000426769257,0.1596899926662445,0,-0.09633199870586395,0.7645530104637146,0.6373209953308105,0,-0.12766200304031372,-0.6445009708404541,0.7538700103759766,0,0,19.10030746459961,0,1,-0.9591760039329529,0.23658199608325958,-0.15495100617408752,0,-0.2746019959449768,-0.9101430177688599,0.3102149963378906,0,-0.06763599812984467,0.3401010036468506,0.9379540085792542,0,-11.550195693969727,-6.4845051765441895,0.9628700017929077,1,0.9918130040168762,0.0780860036611557,0.10103899985551834,0,0.042475998401641846,0.5444459915161133,-0.8377199769020081,0,-0.12042400240898132,0.8351529836654663,0.5366719961166382,0,0,42.68917465209961,0,1,0.9776120185852051,-0.03606899827718735,-0.2073020040988922,0,0.2104090005159378,0.1758580058813095,0.9616659879684448,0,0.0017689999658614397,-0.9837549924850464,0.1795099973678589,0,0,36.845706939697266,0,1,0.9836850166320801,0.009991000406444073,-0.17962299287319183,0,0.10720700025558472,0.7692469954490662,0.6298940181732178,0,0.14446799457073212,-0.6388729810714722,0.7556250095367432,0,0,19.299888610839844,0,1
K0.033,0.4859829545021057,-0.016362903639674187,0.8738150596618652,0,0.08260485529899597,0.9962090253829956,-0.02728702872991562,0,-0.8700560331344604,0.08544189482927322,0.48549193143844604,0,1.4877867698669434,90.155029296875,-1.0121678113937378,1,0.9999399781227112,0.010087995789945126,0.0041569615714251995,0,-0.010009996592998505,0.9997820258140564,-0.018330050632357597,0,-0.004340962041169405,0.01828704960644245,0.9998229742050171,0,0,11.654693603515625,-0.7797080278396606,1,0.9994040131568909,-0.03448997810482979,-0.0012080708984285593,0,0.03444398567080498,0.9946799874305725,0.09708389639854431,0,-0.0021469241473823786,-0.09706790000200272,0.9952750205993652,0,0,13.62753963470459,0,1,0.9994059801101685,-0.03440497815608978,-0.0019860693719238043,0,0.03443598374724388,0.9946759939193726,0.09712589532136917,0,-0.0013659256510436535,-0.09713689237833023,0.9952700138092041,0,0,15.574333190917969,0,1,0.9944210052490234,0.013478976674377918,-0.10461598634719849,0,0.01886303350329399,0.9530899524688721,0.3020981550216675,0,0.10377997905015945,-0.3023861348628998,0.9475189447402954,0,0,17.5211181640625,0,1,0.7874160408973694,-0.2288549691438675,-0.5723649263381958,0,0.1017860397696495,0.9640529751777649,-0.24543991684913635,0,0.6079609394073486,0.135003924369812,0.7824050784111023,0,0,0.5541380047798157,0.28890499472618103,1,0.06403403729200363,0.018921999260783195,-0.997767984867096,0,0.9612540006637573,-0.2697969377040863,0.05657403916120529,0,-0.26812395453453064,-0.9627310037612915,-0.03546500578522682,0,7.385855197906494,16.403852462768555,-0.1239209994673729,1,0.9402899146080017,-0.008190288208425045,0.34027618169784546,0,-0.1175527423620224,0.9303830862045288,0.3472308814525604,0,-0.31943026185035706,-0.36649778485298157,0.8738669753074646,0,0,14.7058687210083,0,1,-0.09532535821199417,0.9898389577865601,0.10550402849912643,0,-0.9919419288635254,-0.10334035754203796,0.073294997215271,0,0.08345303684473038,-0.09766699373722076,0.9917140007019043,0,0,23.493043899536133,0,1,0.9984840154647827,0.05362199991941452,0.012431997805833817,0,-0.05489100143313408,0.986810028553009,0.15229195356369019,0,-0.004102000501006842,-0.15274295210838318,0.9882569909095764,0,0,27.658523559570312,0,1,0.8831130266189575,0.46683499217033386,-0.04665699973702431,0,-0.4028109908103943,0.805446982383728,0.43474000692367554,0,0.24053199589252472,-0.3651309907436371,0.8993459939956665,0,-2.932046890258789,2.78383207321167,0.4196130037307739,1,0.6205599904060364,-0.7708569765090942,0.14382000267505646,0,0.7831979990005493,0.6183639764785767,-0.06501500308513641,0,-0.038816001266241074,0.15298500657081604,0.9874659776687622,0,0.1409129947423935,3.248795986175537,0,1,0.7874100208282471,-0.6122879981994629,0.07133500277996063,0,0.6162880063056946,0.7844229936599731,-0.0697840005159378,0,-0.013229000382125378,0.09891200065612793,0.9950079917907715,0,0.3070540130138397,3.47271990776062,0,1,0.9987319707870483,0.0486069992184639,0.013144999742507935,0,-0.05034099891781807,0.9694579839706421,0.24003300070762634,0,-0.0010760000441223383,-0.24039100110530853,0.9706760048866272,0,-3.0338079929351807,9.99916934967041,0.3871710002422333,1,0.9999639987945557,0.008228999562561512,0.001970000099390745,0,-0.008434999734163284,0.9879950284957886,0.15425199270248413,0,-0.0006769999745301902,-0.15426400303840637,0.9880290031433105,0,-0.0034600000362843275,3.036550998687744,0,1,0.9947739839553833,0.10180500149726868,0.00774900009855628,0,-0.10181199759244919,0.9834280014038086,0.15001000463962555,0,0.007650999817997217,-0.1500149965286255,0.9886540174484253,0,0.08540000021457672,2.8899459838867188,-0.014525000005960464,1,0.9995440244674683,0.027552999556064606,-0.012368000112473965,0,-0.02403300069272518,0.9736469984054565,0.22678999602794647,0,0.01829100027680397,-0.22638900578022003,0.9738649725914001,0,-0.8466470241546631,9.922863006591797,0.02511500008404255,1,0.9998900294303894,0.014790999703109264,-0.0006559999892488122,0,-0.014484000392258167,0.9864000082015991,0.1637219935655594,0,0.0030690000858157873,-0.16369499266147614,0.9865059852600098,0,-0.12371200323104858,4.453365802764893,0.05816200003027916,1,0.9998670220375061,-0.016270000487565994,-0.0006079999729990959,0,0.016270000487565994,0.9971089959144592,0.07422100007534027,0,-0.0006019999855197966,-0.07422100007534027,0.9972419738769531,0,0.01880599930882454,2.9509201049804688,-0.0024590000975877047,1,0.9990090131759644,-0.03223299980163574,-0.030705999583005905,0,0.0386199988424778,0.9705939888954163,0.2376060038805008,0,0.022143999114632607,-0.23855599761009216,0.9708759784698486,0,1.1122089624404907,9.904873847961426,0.03863999992609024,1,0.9990419745445251,0.04309700056910515,-0.007575999945402145,0,-0.04151900112628937,0.988286018371582,0.14685699343681335,0,0.01381599996238947,-0.1464020013809204,0.9891290068626404,0,-0.38558900356292725,4.264325141906738,0.002724000019952655,1,0.9998260140419006,0.0186110008507967,0.0009580000187270343,0,-0.018628999590873718,0.9967389702796936,0.07851599901914597,0,0.000506000011228025,-0.07851999998092651,0.9969120025634766,0,-0.07291500270366669,2.5214428901672363,0.008624999783933163,1,0.9995239973068237,-0.011855999939143658,-0.02846500091254711,0,0.018086999654769897,0.9730619788169861,0.22983500361442566,0,0.024972999468445778,-0.23024000227451324,0.9728130102157593,0,3.2668190002441406,9.054604530334473,0.2953380048274994,1,0.9986220002174377,0.052466001361608505,-0.001066999975591898,0,-0.05163099989295006,0.985971987247467,0.1587270051240921,0,0.009379999712109566,-0.15845300257205963,0.9873219728469849,0,0.002644999884068966,2.9036319255828857,0,1,0.9999169707298279,-0.012852000072598457,-0.0004189999890513718,0,0.012846999801695347,0.9970909953117371,0.07512299716472626,0,-0.0005469999741762877,-0.07512199878692627,0.9971740245819092,0,0.002445999998599291,2.4850668907165527,0,1,0.12313089519739151,-0.02262795902788639,0.9921320080757141,0,-0.9448360204696655,-0.3084389567375183,0.11022590845823288,0,0.3035179674625397,-0.9509750008583069,-0.05935792624950409,0,-7.385855197906494,16.397302627563477,-0.026009000837802887,1,0.9353889226913452,-0.11997522413730621,0.3326481580734253,0,-0.03757975623011589,0.9016361236572266,0.4308607876300812,0,-0.35161924362182617,-0.4155226945877075,0.8388710618019104,0,0,14.7058687210083,0,1,-0.2341984063386917,-0.9651930928230286,-0.1164199560880661,0,0.9674191474914551,-0.24322040379047394,0.07031700760126114,0,-0.09618593752384186,-0.09615901857614517,0.9907079935073853,0,0,23.527084350585938,0,1,0.8933293223381042,0.4014872610569,-0.2019149214029312,0,-0.3400743901729584,0.8976523280143738,0.2803035080432892,0,0.2937876284122467,-0.1817377507686615,0.9384351968765259,0,0,27.655641555786133,0,1,0.9713780283927917,-0.20689800381660461,0.11670000106096268,0,-0.09798499941825867,0.09853900223970413,0.9902970194816589,0,-0.216389998793602,-0.9733880162239075,0.07544499635696411,0,2.9974069595336914,3.0577120780944824,0.4416559934616089,1,0.8891969919204712,0.1572369933128357,-0.4296570122241974,0,-0.4535509943962097,0.17944000661373138,-0.8729789853096008,0,-0.06016699969768524,0.9711220264434814,0.2308730036020279,0,0.023414000868797302,3.4435579776763916,0,1,0.9546710252761841,0.215597003698349,-0.20523500442504883,0,-0.29750698804855347,0.7134590148925781,-0.6344019770622253,0,0.009650999680161476,0.666703999042511,0.7452600002288818,0,-0.03388100117444992,3.333498001098633,0,1,0.9932889938354492,0.0420369990170002,0.10774700343608856,0,-0.11281699687242508,0.1469610035419464,0.9826880097389221,0,0.025474000722169876,-0.9882490038871765,0.15071800351142883,0,3.222343921661377,10.188788414001465,0.24905000627040863,1,0.9829480051994324,0.13321200013160706,0.12675799429416656,0,-0.13181200623512268,0.02979700081050396,0.9908270239830017,0,0.12821300327777863,-0.9906389713287354,0.04684799909591675,0,-0.000014999999621068127,3.030489921569824,0,1,0.9946659803390503,0.09565900266170502,0.03859499841928482,0,-0.09575700014829636,0.7171800136566162,0.6902779936790466,0,0.03835099935531616,-0.6902920007705688,0.7225139737129211,0,-0.004490999970585108,2.9763169288635254,0,1,0.9934530258178711,0.03073200024664402,0.11003000289201736,0,-0.11337599903345108,0.14694400131702423,0.9826260209083557,0,0.014030000194907188,-0.9886670112609863,0.14946599304676056,0,0.9266650080680847,10.387598037719727,0.16402700543403625,1,0.985617995262146,0.12133800238370895,0.11761999875307083,0,-0.12204000353813171,0.029642000794410706,0.9920819997787476,0,0.11689099669456482,-0.9921690225601196,0.04402400180697441,0,0.0019099999917671084,3.371077060699463,0,1,0.9958909749984741,0.08408500254154205,0.033619001507759094,0,-0.08392699807882309,0.717585027217865,0.6913959980010986,0,0.034012001007795334,-0.6913769841194153,0.7216929793357849,0,0.0005929999751970172,3.308295965194702,0,1,0.9933580160140991,0.03743499889969826,0.10880199819803238,0,-0.11316700279712677,0.14694799482822418,0.982649028301239,0,0.02079799957573414,-0.9884359836578369,0.1502079963684082,0,-0.9704949855804443,10.36570930480957,-0.1097399964928627,1,0.98403400182724,0.12827900052070618,0.12337200343608856,0,-0.12815600633621216,0.029701000079512596,0.9913089871406555,0,0.12349999696016312,-0.9912930130958557,0.045667000114917755,0,0.0010979999788105488,3.1140830516815186,0,1,0.9952679872512817,0.09018900245428085,0.03614800050854683,0,-0.09010100364685059,0.7174410223960876,0.6907680034637451,0,0.036364998668432236,-0.6907569766044617,0.7221720218658447,0,-0.0014420000370591879,2.9523630142211914,0,1,0.9936710000038147,0.018185000866651535,0.11084400117397308,0,-0.11231400072574615,0.14697200059890747,0.9827430248260498,0,0.0015800000401213765,-0.9889739751815796,0.14808399975299835,0,-3.1785130500793457,8.884512901306152,0.2645530104637146,1,0.9882950186729431,0.10993699729442596,0.1057640016078949,0,-0.10960900038480759,0.0295219998806715,0.9935359954833984,0,0.10610400140285492,-0.9934999942779541,0.04122700169682503,0,-0.0015079999575391412,2.9669220447540283,0,1,0.9965879917144775,0.07645799964666367,0.031078999862074852,0,-0.07663600146770477,0.7174689769744873,0.6923620104789734,0,0.03063799999654293,-0.6923819780349731,0.7208809852600098,0,0.000446999998530373,2.5346860885620117,0,1,-0.8688300848007202,-0.3478068709373474,0.3523689806461334,0,0.4538738429546356,-0.8438621163368225,0.2861718237400055,0,0.1978181153535843,0.40856578946113586,0.8910340666770935,0,11.550195693969727,-6.4845051765441895,0.04446199908852577,1,0.9848300218582153,0.14541703462600708,0.09467411786317825,0,-0.026214003562927246,0.6640303134918213,-0.747245728969574,0,-0.17152808606624603,0.7334287166595459,0.6577693223953247,0,0,42.58970642089844,0,1,0.9504420161247253,-0.23844099044799805,0.1995130479335785,0,-0.04604793339967728,0.5266852974891663,0.8488118052482605,0,-0.30747202038764954,-0.8159338235855103,0.48960429430007935,0,0,36.8361930847168,0,1,0.9865779876708984,-0.011339026503264904,0.16289502382278442,0,-0.09847202152013779,0.7544618844985962,0.6489151120185852,0,-0.1302560269832611,-0.6562461256980896,0.7432188987731934,0,0,19.10030746459961,0,1,-0.956728994846344,0.2457330822944641,-0.15583500266075134,0,-0.28277406096458435,-0.9114609956741333,0.2987949252128601,0,-0.06861399859189987,0.32993191480636597,0.9415080547332764,0,-11.550195693969727,-6.4845051765441895,0.9628700017929077,1,0.9912790060043335,0.07698197662830353,0.10695204883813858,0,0.043726012110710144,0.5734773278236389,-0.8180538415908813,0,-0.12431003153324127,0.8155968189239502,0.5651102662086487,0,0,42.68917465209961,0,1,0.9780179858207703,-0.03404398635029793,-0.20572398602962494,0,0.20836098492145538,0.19835524260997772,0.9577269554138184,0,0.008201062679290771,-0.9795389175415039,0.20108823478221893,0,0,36.845706939697266,0,1,0.9834089875221252,0.01127801463007927,-0.18105101585388184,0,0.1081710159778595,0.7647439241409302,0.6351890563964844,0,0.14562201499938965,-0.6442360877990723,0.7508359551429749,0,0,19.299888610839844,0,1
