2.400,30,71,65
B0,mixamorig_Hips,-1,0.6817260980606079,-0.019243163987994194,0.7313539385795593,0,-0.10343606024980545,0.987076997756958,0.1223888173699379,0,-0.7242580056190491,-0.15908408164978027,0.6709259152412415,0,0.2087630033493042,9.713242530822754,-0.17517299950122833,1
B1,mixamorig_Spine,0,0.9962419271469116,-0.04243599250912666,-0.07551073282957077,0,0.040764011442661285,0.9988909959793091,-0.02354780025780201,0,0.07642626762390137,0.02038118615746498,0.9968670010566711,0,0,0.9983789920806885,-0.15028800070285797,1
B2,mixamorig_Spine1,1,0.9988699555397034,0.04418402165174484,-0.017529234290122986,0,-0.04379498213529587,0.9987989664077759,0.02198977954685688,0,0.01847977191209793,-0.021197227761149406,0.9996050000190735,0,0,1.1778980493545532,0,1
B3,mixamorig_Spine2,2,0.9995749592781067,0.02156141586601734,-0.019604947417974472,0,-0.021485580131411552,0.9997609853744507,0.004070970695465803,0,0.01968805119395256,-0.0036480191629379988,0.9997999668121338,0,0,1.3461699485778809,0,1
B4,mixamorig_Neck,3,0.985069990158081,-0.007357391063123941,-0.17199912667274475,0,0.02700061723589897,0.9933249354362488,0.11214718222618103,0,0.17002588510513306,-0.11511687934398651,0.9786930084228516,0,0,1.5144399404525757,0,1
B5,mixamorig_Head,4,0.9123830199241638,-0.11264315992593765,-0.3935328722000122,0,0.07962474226951599,0.9918659925460815,-0.09930216521024704,0,0.4015180468559265,0.05926673114299774,0.9139319658279419,0,0,0.38247400522232056,0.131632998585701,1
B6,mixamorig_HeadTop_End,5,1,0,0,0,0,1,0,0,0,0,1,0,0,3.231856107711792,1.1122770309448242,1
B7,mixamorig_LeftShoulder,3,0.17785999178886414,-0.044481150805950165,-0.9830499291419983,0,0.9728489518165588,-0.1423841267824173,0.18245694041252136,0,-0.1480868011713028,-0.9888120293617249,0.01794905588030815,0,0.8356249928474426,1.2380340099334717,-0.01992800086736679,1
B8,mixamorig_LeftArm,7,0.9431380033493042,0.2896900177001953,-0.16300201416015625,0,-0.15411308407783508,0.8155761361122131,0.5577497482299805,0,0.29451504349708557,-0.5009141564369202,0.8138458132743835,0,0,1.6361240148544312,0,1
B9,mixamorig_LeftForeArm,8,-0.09609083831310272,0.8139349818229675,0.5729538202285767,0,-0.952647864818573,0.09163090586662292,-0.2899401783943176,0,-0.2884928286075592,-0.5736840963363647,0.7665889859199524,0,0,3.1778481006622314,0,1
B10,mixamorig_LeftHand,9,0.9857820272445679,-0.08968456089496613,0.14209090173244476,0,0.08020540326833725,0.9942389130592346,0.07110118120908737,0,-0.1476491093635559,-0.058693863451480865,0.9872969388961792,0,0,2.3241920471191406,0,1
B11,mixamorig_LeftHandThumb1,10,0.7494228482246399,0.6556982398033142,0.09178799390792847,0,-0.5370886921882629,0.5209930539131165,0.6634021997451782,0,0.3871707320213318,-0.5464670062065125,0.7426121234893799,0,-0.3170430064201355,0.3968839943408966,0.09427399933338165,1
B12,mixamorig_LeftHandThumb2,11,0.8362970948219299,-0.4862816333770752,-0.25325220823287964,0,0.4874421954154968,0.8709068298339844,-0.06262333691120148,0,0.2510116994380951,-0.07107412070035934,0.9653710722923279,0,0.0424560010433197,0.4111289978027344,0,1
B13,mixamorig_LeftHandThumb3,12,0.5537579655647278,0.2742328941822052,-0.7862240672111511,0,0.1584019660949707,0.8922759294509888,0.42279013991355896,0,0.817471981048584,-0.3586629331111908,0.45066601037979126,0,-0.05554800108075142,0.4512220025062561,0,1
B14,mixamorig_LeftHandThumb4,13,1,0,0,0,0,1,0,0,0,0,1,0,0.013092000037431717,0.4446159899234772,0,1
B15,mixamorig_LeftHandIndex1,10,0.9812529683113098,0.17929315567016602,0.0706818476319313,0,-0.09695610404014587,0.14229387044906616,0.9850640296936035,0,0.16655780375003815,-0.9734510183334351,0.157010018825531,0,-0.45437100529670715,1.4987620115280151,-0.0124719999730587,1
B16,mixamorig_LeftHandIndex2,15,0.9985550045967102,0.05018717423081398,-0.0192269179970026,0,-0.0014358528424054384,0.38253387808799744,0.9239400625228882,0,0.053724873811006546,-0.9225770235061646,0.38205304741859436,0,0.0010110000148415565,0.3291040062904358,0,1
B17,mixamorig_LeftHandIndex3,16,0.9986550211906433,-0.026535486802458763,-0.044542111456394196,0,0.051010727882385254,0.349171906709671,0.9356690645217896,0,-0.009275579825043678,-0.9366829991340637,0.3500559628009796,0,-0.0018230000277981162,0.318450003862381,0,1
B18,mixamorig_LeftHandIndex4,17,1,0,0,0,0,1,0,0,0,0,1,0,0.0008120000129565597,0.2695850133895874,0,1
B19,mixamorig_LeftHandMiddle1,10,0.9978820085525513,-0.009015890769660473,0.06442566961050034,0,-0.06384631246328354,0.05416914075613022,0.9964889883995056,0,-0.012474109418690205,-0.9984909892082214,0.05347873643040657,0,-0.16069099307060242,1.6975150108337402,-0.003025999991223216,1
B20,mixamorig_LeftHandMiddle2,19,0.9981859922409058,0.05586787313222885,-0.02246091514825821,0,0.008969048038125038,0.23090611398220062,0.972934901714325,0,0.05954213812947273,-0.9713709950447083,0.2299860417842865,0,0.00038499999209307134,0.2917580008506775,0,1
B21,mixamorig_LeftHandMiddle3,20,0.9985529184341431,-0.03299914672970772,-0.04245704784989357,0,0.051931895315647125,0.3869609832763672,0.9206330180168152,0,-0.013950886204838753,-0.9215060472488403,0.38811489939689636,0,-0.0006399999838322401,0.29582899808883667,0,1
B22,mixamorig_LeftHandMiddle4,21,1,0,0,0,0,1,0,0,0,0,1,0,0.00025499999173916876,0.20505699515342712,0,1
B23,mixamorig_LeftHandRing1,10,0.9982219934463501,-0.04371660575270653,0.04051026701927185,0,-0.04095274209976196,-0.009273170493543148,0.999117910861969,0,-0.04330240562558174,-0.9990009665489197,-0.011047002859413624,0,0.19113899767398834,1.5154680013656616,-0.06067899987101555,1
B24,mixamorig_LeftHandRing2,23,0.999206006526947,-0.03857775032520294,-0.009994306601583958,0,0.026792848482728004,0.4646672308444977,0.8850798606872559,0,-0.029500368982553482,-0.8846450448036194,0.46533194184303284,0,0.000295000005280599,0.3151949942111969,0,1
B25,mixamorig_LeftHandRing3,24,0.9962330460548401,-0.07656699419021606,-0.040717821568250656,0,0.06197816878557205,0.3002248704433441,0.9518530368804932,0,-0.060655947774648666,-0.9507899880409241,0.3038390874862671,0,0.000375000003259629,0.30602699518203735,0,1
B26,mixamorig_LeftHandRing4,25,1,0,0,0,0,1,0,0,0,0,1,0,-0.0006709999870508909,0.22029100358486176,0,1
B27,mixamorig_LeftHandPinky1,10,0.982617974281311,-0.1549171507358551,0.10228908807039261,0,-0.0931389108300209,0.0652327761054039,0.9935139417648315,0,-0.16058485209941864,-0.9857710003852844,0.04967004060745239,0,0.42392298579216003,1.4160150289535522,-0.008755000308156013,1
B28,mixamorig_LeftHandPinky2,27,0.9961550831794739,-0.07131503522396088,-0.05087766796350479,0,0.06863432377576828,0.2744283080101013,0.9591549038887024,0,-0.05443989858031273,-0.9589590430259705,0.2782678008079529,0,-0.0004879999905824661,0.27680501341819763,0,1
B29,mixamorig_LeftHandPinky3,28,0.9972580075263977,-0.06762909144163132,-0.030040085315704346,0,0.067349873483181,0.6612850427627563,0.7471050024032593,0,-0.03066099062561989,-0.7470800280570984,0.6640269756317139,0,0.0014039999805390835,0.2351509928703308,0,1
B30,mixamorig_LeftHandPinky4,29,1,0,0,0,0,1,0,0,0,0,1,0,-0.0009159999899566174,0.17575499415397644,0,1
B31,mixamorig_RightShoulder,3,-0.3658621907234192,0.14104914665222168,0.9199179410934448,0,-0.9300230741500854,-0.09222790598869324,-0.3557400107383728,0,0.034665245562791824,-0.9856970310211182,0.16492165625095367,0,-0.8356249928474426,1.2444159984588623,-0.062327999621629715,1
B32,mixamorig_RightArm,31,0.9721139669418335,-0.06820985674858093,0.22436825931072235,0,-0.08606673777103424,0.7862250208854675,0.611918032169342,0,-0.21814288198947906,-0.6141649484634399,0.7584301233291626,0,0,1.6361240148544312,0,1
B33,mixamorig_RightForeArm,32,0.2862832248210907,-0.949411928653717,-0.12906917929649353,0,0.9457612037658691,0.3015955984592438,-0.12073294073343277,0,0.15355205535888672,-0.08750483393669128,0.9842590689659119,0,0,3.1671910285949707,0,1
B34,mixamorig_RightHand,33,0.9025038480758667,-0.36006027460098267,-0.23631206154823303,0,0.39550870656967163,0.9100741744041443,0.12384715676307678,0,0.1704690009355545,-0.20523592829704285,0.9637519717216492,0,0,2.322593927383423,0,1
B35,mixamorig_RightHandThumb1,34,0.9285849928855896,-0.2621247172355652,0.2627161741256714,0,-0.061180733144283295,0.5900949239730835,0.805013120174408,0,-0.3660411238670349,-0.7635959386825562,0.5319160223007202,0,0.38546499609947205,0.4353080093860626,0.17105400562286377,1
B36,mixamorig_RightHandThumb2,35,0.962308943271637,0.08507374674081802,0.2583082318305969,0,-0.024319259449839592,0.9729259610176086,-0.2298332154750824,0,-0.2708677649497986,0.21488887071609497,0.938325047492981,0,0.007813000120222569,0.4848029911518097,0,1
B37,mixamorig_RightHandThumb3,36,0.9642259478569031,0.0976051315665245,-0.2464580237865448,0,-0.1525038182735443,0.9647260308265686,-0.2145838886499405,0,0.21681997179985046,0.24449312686920166,0.9450989961624146,0,0.032885000109672546,0.41123300790786743,0,1
B38,mixamorig_RightHandThumb4,37,1,0,0,0,0,1,0,0,0,0,1,0,-0.04069799929857254,0.31464800238609314,0,1
B39,mixamorig_RightHandIndex1,34,0.9995309710502625,-0.03056999295949936,0.002058228477835655,0,0.013477209024131298,0.49899721145629883,0.8664989471435547,0,-0.027515893802046776,-0.8660641312599182,0.4991747736930847,0,0.4532720148563385,1.5354089736938477,-0.002059000078588724,1
B40,mixamorig_RightHandIndex2,39,0.9974759817123413,-0.07077410817146301,0.005673761945217848,0,0.0228907261043787,0.39620092511177063,0.9178780317306519,0,-0.06720998138189316,-0.9154318571090698,0.39682120084762573,0,-0.0005159999709576368,0.31648099422454834,0,1
B41,mixamorig_RightHandIndex3,40,0.9995440244674683,0.0029357040766626596,0.030063791200518608,0,-0.02738133631646633,0.5083417892456055,0.860720157623291,0,-0.01275586150586605,-0.8611507415771484,0.5081903338432312,0,0.0013699999544769526,0.31030499935150146,0,1
B42,mixamorig_RightHandIndex4,41,1,0,0,0,0,1,0,0,0,0,1,0,-0.0008549999911338091,0.2647069990634918,0,1
B43,mixamorig_RightHandMiddle1,34,0.9971830248832703,-0.07074069231748581,-0.024944717064499855,0,0.05058734118938446,0.38869065046310425,0.9199780821800232,0,-0.055384133011102676,-0.9186487793922424,0.39117443561553955,0,0.15245600044727325,1.5617879629135132,-0.037689998745918274,1
B44,mixamorig_RightHandMiddle2,43,0.9969090223312378,-0.07839705795049667,0.005104299634695053,0,0.002414287766441703,0.09551094472408295,0.9954249262809753,0,-0.07852591574192047,-0.9923359155654907,0.09540501981973648,0,-0.00021300000662449747,0.3531000018119812,0,1
B45,mixamorig_RightHandMiddle3,44,0.9995119571685791,0.02615685947239399,0.01709785871207714,0,-0.0312481876462698,0.8412061333656311,0.5398118495941162,0,-0.00026304044877178967,-0.5400820374488831,0.841611921787262,0,0.00022899999748915434,0.3242399990558624,0,1
B46,mixamorig_RightHandMiddle4,45,1,0,0,0,0,1,0,0,0,0,1,0,-0.000015999999959603883,0.2639949917793274,0,1
B47,mixamorig_RightHandRing1,34,0.999360978603363,-0.013646175153553486,0.03302520513534546,0,-0.029352838173508644,0.213578999042511,0.9764849543571472,0,-0.02037878707051277,-0.9768309593200684,0.21304209530353546,0,-0.18373599648475647,1.5477629899978638,-0.002099999925121665,1
B48,mixamorig_RightHandRing2,47,0.9997259974479675,-0.019033202901482582,-0.01364421658217907,0,0.018548736348748207,0.2878940999507904,0.9574829936027527,0,-0.014295866712927818,-0.9574729204177856,0.2881680428981781,0,0.0008019999950192869,0.29156801104545593,0,1
B49,mixamorig_RightHandRing3,48,0.9995779991149902,0.029025979340076447,0.0006667811539955437,0,-0.02293415367603302,0.7752920985221863,0.6311858892440796,0,0.017803845927119255,-0.6309350728988647,0.7756309509277344,0,-0.0009759999811649323,0.2917819917201996,0,1
B50,mixamorig_RightHandRing4,49,1,0,0,0,0,1,0,0,0,0,1,0,0.0001740000006975606,0.236844003200531,0,1
B51,mixamorig_RightHandPinky1,34,0.9969589710235596,-0.04017498716711998,-0.06677805632352829,0,0.06962493807077408,0.07422178238630295,0.9948080778121948,0,-0.03501000255346298,-0.9964320659637451,0.07679323107004166,0,-0.4219920039176941,1.4203300476074219,-0.016217000782489777,1
B52,mixamorig_RightHandPinky2,51,0.9994189739227295,0.03113984875380993,0.013864745385944843,0,-0.029412291944026947,0.5822140574455261,0.812502920627594,0,0.017228975892066956,-0.8124390244483948,0.5827919244766235,0,0.0005549999768845737,0.27550700306892395,0,1
B53,mixamorig_RightHandPinky3,52,0.9994329810142517,0.0328279510140419,0.007424037437886,0,-0.03278603032231331,0.8997361660003662,0.4352005422115326,0,0.007607070729136467,-0.4351974129676819,0.9003027677536011,0,-0.001623000018298626,0.23328499495983124,0,1
B54,mixamorig_RightHandPinky4,53,1,0,0,0,0,1,0,0,0,0,1,0,0.0010689999908208847,0.16644799709320068,0,1
B55,mixamorig_LeftUpLeg,0,-0.6957402229309082,0.061576660722494125,0.715648889541626,0,0.6160240769386292,-0.46123600006103516,0.6385730504989624,0,0.36940425634384155,0.8851379752159119,0.282967746257782,0,1.006579041481018,-0.5561349987983704,0.1792750060558319,1
B56,mixamorig_LeftLeg,55,0.9682029485702515,-0.04246121272444725,-0.24653512239456177,0,-0.18752498924732208,0.5290949940681458,-0.8275829553604126,0,0.16558073461055756,0.8475000858306885,0.5043089985847473,0,0,5.118797779083252,0,1
B57,mixamorig_LeftFoot,56,0.995182991027832,-0.06975007802248001,0.06889297068119049,0,-0.03105108067393303,0.4422888457775116,0.8963351845741272,0,-0.0929899662733078,-0.8941559791564941,0.4379921555519104,0,0,5.320000171661377,0,1
B58,mixamorig_LeftToeBase,57,0.9989029169082642,-0.031021764501929283,0.03508298471570015,0,0.006055187899619341,0.8284030556678772,0.5600999593734741,0,-0.04643813520669937,-0.5592730045318604,0.8276820182800293,0,0,2.093641996383667,0,1
B59,mixamorig_LeftToe_End,58,1,0,0,0,0,1,0,0,0,0,1,0,0,0.9605569839477539,0,1
B60,mixamorig_RightUpLeg,0,-0.7866460680961609,0.2950604259967804,-0.5423358678817749,0,-0.5563316941261292,-0.7196773886680603,0.41540277004241943,0,-0.2677379250526428,0.6284935474395752,0.7302826642990112,0,-1.006579041481018,-0.5561349987983704,0.20773600041866302,1
B61,mixamorig_RightLeg,60,0.9841709733009338,-0.16517189145088196,0.06423020362854004,0,0.14610186219215393,0.5510568022727966,-0.8215781450271606,0,0.1003071591258049,0.8179577589035034,0.566466212272644,0,0,5.118267059326172,0,1
B62,mixamorig_RightFoot,61,0.9019699096679688,0.43170320987701416,0.009081722237169743,0,-0.0959651917219162,0.17990781366825104,0.9789910316467285,0,0.42099976539611816,-0.8838921189308167,0.20369994640350342,0,0,5.330057144165039,0,1
B63,mixamorig_RightToeBase,62,0.9961310029029846,0.0009401128045283258,-0.08787502348423004,0,0.044015105813741684,0.8601447939872742,0.5081471800804138,0,0.07606293261051178,-0.5100487470626831,0.8567751049995422,0,0,2.123795986175537,0,1
B64,mixamorig_RightToe_End,63,1,0,0,0,0,1,0,0,0,0,1,0,0,0.9611759781837463,0,1
@52,0,1,2,3,4,5,7,8,9,10,11,12,13,15,16,17,19,20,21,23,24,25,27,28,29,31,32,33,34,35,36,37,39,40,41,43,44,45,47,48,49,51,52,53,55,56,57,58,60,61,62,63
K0,0.6817259788513184,-0.01924300007522106,0.7313539981842041,0,-0.10343600064516068,0.987076997756958,0.12238900363445282,0,-0.7242580056190491,-0.1590840071439743,0.6709259748458862,0,0.2087630033493042,9.713242530822754,-0.17517299950122833,1,0.9962419867515564,-0.04243599995970726,-0.07551100105047226,0,0.04076400026679039,0.9988909959793091,-0.023547999560832977,0,0.07642599940299988,0.020380999892950058,0.9968670010566711,0,0,0.9983789920806885,-0.15028800070285797,1,0.9988700151443481,0.04418399930000305,-0.017528999596834183,0,-0.04379500076174736,0.9987990260124207,0.02198999933898449,0,0.018479999154806137,-0.0211970005184412,0.9996050000190735,0,0,1.1778980493545532,0,1,0.9995750188827515,0.021561000496149063,-0.01960499957203865,0,-0.02148599922657013,0.9997609853744507,0.0040710000321269035,0,0.01968800090253353,-0.003648000070825219,0.9998000264167786,0,0,1.3461699485778809,0,1,0.985069990158081,-0.007356999907642603,-0.171998992562294,0,0.027000999078154564,0.9933249950408936,0.1121470034122467,0,0.1700260043144226,-0.11511699855327606,0.9786930084228516,0,0,1.5144399404525757,0,1,0.9123830199241638,-0.11264300346374512,-0.39353299140930176,0,0.07962500303983688,0.9918659925460815,-0.09930200129747391,0,0.40151798725128174,0.05926699936389923,0.9139320254325867,0,0,0.38247400522232056,0.131632998585701,1,0.17786000669002533,-0.044481001794338226,-0.9830499887466431,0,0.9728490114212036,-0.14238399267196655,0.18245700001716614,0,-0.14808699488639832,-0.9888120293617249,0.017949000000953674,0,0.8356249928474426,1.2380340099334717,-0.01992800086736679,1,0.9431380033493042,0.2896899878978729,-0.16300199925899506,0,-0.15411299467086792,0.8155760169029236,0.5577499866485596,0,0.2945150136947632,-0.5009139776229858,0.8138459920883179,0,0,1.6361240148544312,0,1,-0.09609100222587585,0.8139349818229675,0.572953999042511,0,-0.9526479840278625,0.09163100272417068,-0.2899399995803833,0,-0.28849300742149353,-0.5736839771270752,0.7665889859199524,0,0,3.1778481006622314,0,1,0.9857820272445679,-0.08968500047922134,0.14209100604057312,0,0.08020500093698502,0.9942389726638794,0.07110100239515305,0,-0.14764900505542755,-0.05869400128722191,0.987296998500824,0,0,2.3241920471191406,0,1,0.7494230270385742,0.6556980013847351,0.09178800135850906,0,-0.5370889902114868,0.5209929943084717,0.6634020209312439,0,0.3871710002422333,-0.5464670062065125,0.7426120042800903,0,-0.3170430064201355,0.3968839943408966,0.09427399933338165,1,0.8362969756126404,-0.48628199100494385,-0.2532519996166229,0,0.4874419867992401,0.8709070086479187,-0.06262300163507462,0,0.25101199746131897,-0.0710740014910698,0.9653710126876831,0,0.0424560010433197,0.4111289978027344,0,1,0.5537580251693726,0.27423301339149475,-0.7862240076065063,0,0.1584019958972931,0.8922759890556335,0.422789990901947,0,0.817471981048584,-0.35866299271583557,0.45066601037979126,0,-0.05554800108075142,0.4512220025062561,0,1,0.9812530279159546,0.17929300665855408,0.07068199664354324,0,-0.09695599973201752,0.1422940045595169,0.9850640296936035,0,0.16655799746513367,-0.9734510183334351,0.1570100039243698,0,-0.45437100529670715,1.4987620115280151,-0.0124719999730587,1,0.9985550045967102,0.05018699914216995,-0.019226999953389168,0,-0.0014359999913722277,0.382533997297287,0.9239400029182434,0,0.053725000470876694,-0.9225770235061646,0.3820529878139496,0,0.0010110000148415565,0.3291040062904358,0,1,0.9986550211906433,-0.026535000652074814,-0.04454199969768524,0,0.05101099982857704,0.3491719961166382,0.9356690049171448,0,-0.00927599985152483,-0.9366829991340637,0.350055992603302,0,-0.0018230000277981162,0.318450003862381,0,1,0.9978820085525513,-0.009015999734401703,0.0644259974360466,0,-0.06384599953889847,0.05416899919509888,0.9964889883995056,0,-0.012474000453948975,-0.9984909892082214,0.05347900092601776,0,-0.16069099307060242,1.6975150108337402,-0.003025999991223216,1,0.9981859922409058,0.055867999792099,-0.022461000829935074,0,0.008968999609351158,0.23090599477291107,0.9729350209236145,0,0.05954200029373169,-0.9713709950447083,0.22998599708080292,0,0.00038499999209307134,0.2917580008506775,0,1,0.9985529780387878,-0.03299900144338608,-0.04245699942111969,0,0.05193199962377548,0.3869610130786896,0.9206330180168152,0,-0.013950999826192856,-0.9215059876441956,0.3881149888038635,0,-0.0006399999838322401,0.29582899808883667,0,1,0.9982219934463501,-0.043717000633478165,0.04050999879837036,0,-0.04095299914479256,-0.009273000061511993,0.9991179704666138,0,-0.04330199956893921,-0.9990010261535645,-0.0110470000654459,0,0.19113899767398834,1.5154680013656616,-0.06067899987101555,1,0.999206006526947,-0.03857799991965294,-0.00999400019645691,0,0.026792999356985092,0.4646669924259186,0.8850799798965454,0,-0.029500000178813934,-0.8846449851989746,0.4653320014476776,0,0.000295000005280599,0.3151949942111969,0,1,0.9962329864501953,-0.07656700164079666,-0.04071800038218498,0,0.06197800114750862,0.30022498965263367,0.9518529772758484,0,-0.060655999928712845,-0.9507899880409241,0.3038389980792999,0,0.000375000003259629,0.30602699518203735,0,1,0.982617974281311,-0.15491700172424316,0.10228899866342545,0,-0.09313900023698807,0.06523299962282181,0.9935140013694763,0,-0.16058500111103058,-0.9857710003852844,0.04966999962925911,0,0.42392298579216003,1.4160150289535522,-0.008755000308156013,1,0.9961550235748291,-0.07131499797105789,-0.050877999514341354,0,0.06863400340080261,0.27442800998687744,0.9591550230979919,0,-0.05443999916315079,-0.9589589834213257,0.2782680094242096,0,-0.0004879999905824661,0.27680501341819763,0,1,0.9972580075263977,-0.06762900203466415,-0.03003999963402748,0,0.06735000014305115,0.6612849831581116,0.7471050024032593,0,-0.030660999938845634,-0.7470800280570984,0.6640269756317139,0,0.0014039999805390835,0.2351509928703308,0,1,-0.36586201190948486,0.14104899764060974,0.9199180006980896,0,-0.9300230145454407,-0.092228002846241,-0.3557400107383728,0,0.034664999693632126,-0.9856969714164734,0.16492199897766113,0,-0.8356249928474426,1.2444159984588623,-0.062327999621629715,1,0.9721140265464783,-0.06820999830961227,0.22436800599098206,0,-0.08606699854135513,0.7862250208854675,0.6119179725646973,0,-0.21814300119876862,-0.6141650080680847,0.758430004119873,0,0,1.6361240148544312,0,1,0.2862829864025116,-0.9494119882583618,-0.1290690004825592,0,0.9457610249519348,0.3015959858894348,-0.12073300033807755,0,0.15355199575424194,-0.08750499784946442,0.9842590093612671,0,0,3.1671910285949707,0,1,0.902504026889801,-0.3600600063800812,-0.23631200194358826,0,0.3955090045928955,0.91007399559021,0.12384700030088425,0,0.1704690009355545,-0.20523600280284882,0.9637519717216492,0,0,2.322593927383423,0,1,0.9285849928855896,-0.2621249854564667,0.26271599531173706,0,-0.061181001365184784,0.5900949835777283,0.8050130009651184,0,-0.36604100465774536,-0.7635959982872009,0.5319160223007202,0,0.38546499609947205,0.4353080093860626,0.17105400562286377,1,0.9623090028762817,0.08507400006055832,0.2583079934120178,0,-0.02431900054216385,0.9729260206222534,-0.22983300685882568,0,-0.2708680033683777,0.21488900482654572,0.9383249878883362,0,0.007813000120222569,0.4848029911518097,0,1,0.9642260074615479,0.09760499745607376,-0.2464579939842224,0,-0.15250399708747864,0.9647259712219238,-0.21458399295806885,0,0.21682000160217285,0.24449299275875092,0.9450989961624146,0,0.032885000109672546,0.41123300790786743,0,1,0.9995309710502625,-0.030570000410079956,0.0020580000709742308,0,0.013477000407874584,0.4989970028400421,0.8664990067481995,0,-0.027515999972820282,-0.8660640120506287,0.4991750121116638,0,0.4532720148563385,1.5354089736938477,-0.002059000078588724,1,0.9974759817123413,-0.07077399641275406,0.005673999898135662,0,0.022890999913215637,0.3962010145187378,0.9178779721260071,0,-0.06720999628305435,-0.9154319763183594,0.396820992231369,0,-0.0005159999709576368,0.31648099422454834,0,1,0.9995440244674683,0.0029360000044107437,0.030063999816775322,0,-0.02738099917769432,0.5083420276641846,0.8607199788093567,0,-0.012756000272929668,-0.8611509799957275,0.5081899762153625,0,0.0013699999544769526,0.31030499935150146,0,1,0.9971830248832703,-0.07074099779129028,-0.024945000186562538,0,0.050586998462677,0.3886910080909729,0.9199780225753784,0,-0.05538399890065193,-0.9186490178108215,0.39117398858070374,0,0.15245600044727325,1.5617879629135132,-0.037689998745918274,1,0.9969090223312378,-0.0783969983458519,0.005104000214487314,0,0.0024139999877661467,0.09551099687814713,0.9954249858856201,0,-0.07852599769830704,-0.9923359751701355,0.09540499746799469,0,-0.00021300000662449747,0.3531000018119812,0,1,0.9995120167732239,0.026156999170780182,0.017098000273108482,0,-0.031247999519109726,0.8412060141563416,0.5398120284080505,0,-0.0002629999944474548,-0.5400819778442383,0.8416119813919067,0,0.00022899999748915434,0.3242399990558624,0,1,0.999360978603363,-0.013646000064909458,0.033025000244379044,0,-0.029353000223636627,0.213578999042511,0.976485013961792,0,-0.020378999412059784,-0.9768310189247131,0.2130420058965683,0,-0.18373599648475647,1.5477629899978638,-0.002099999925121665,1,0.9997259974479675,-0.019032999873161316,-0.013643999584019184,0,0.018549000844359398,0.28789401054382324,0.9574829936027527,0,-0.014295999892055988,-0.9574729800224304,0.2881680130958557,0,0.0008019999950192869,0.29156801104545593,0,1,0.9995779991149902,0.029025999829173088,0.0006670000148005784,0,-0.022933999076485634,0.7752919793128967,0.6311860084533691,0,0.01780400052666664,-0.63093501329422,0.7756310105323792,0,-0.0009759999811649323,0.2917819917201996,0,1,0.9969589710235596,-0.040174998342990875,-0.06677799671888351,0,0.06962499767541885,0.07422199845314026,0.99480801820755,0,-0.035009998828172684,-0.9964320063591003,0.07679300010204315,0,-0.4219920039176941,1.4203300476074219,-0.016217000782489777,1,0.9994189739227295,0.031139999628067017,0.013864999637007713,0,-0.029411999508738518,0.5822139978408813,0.8125029802322388,0,0.017229000106453896,-0.8124390244483948,0.5827919840812683,0,0.0005549999768845737,0.27550700306892395,0,1,0.9994329810142517,0.03282799944281578,0.007424000184983015,0,-0.03278600051999092,0.8997359871864319,0.4352009892463684,0,0.007606999948620796,-0.43519699573516846,0.9003030061721802,0,-0.001623000018298626,0.23328499495983124,0,1,-0.6957399845123291,0.061576999723911285,0.7156490087509155,0,0.6160240173339844,-0.46123600006103516,0.6385729908943176,0,0.36940398812294006,0.8851379752159119,0.28296801447868347,0,1.006579041481018,-0.5561349987983704,0.1792750060558319,1,0.9682030081748962,-0.04246100038290024,-0.24653500318527222,0,-0.18752500414848328,0.5290949940681458,-0.8275830149650574,0,0.16558100283145905,0.8475000262260437,0.5043089985847473,0,0,5.118797779083252,0,1,0.995182991027832,-0.06975000351667404,0.06889300048351288,0,-0.031051000580191612,0.44228899478912354,0.8963350057601929,0,-0.09299000352621078,-0.8941559791564941,0.43799200654029846,0,0,5.320000171661377,0,1,0.9989029765129089,-0.031021999195218086,0.03508299961686134,0,0.006054999772459269,0.8284029960632324,0.5601000189781189,0,-0.04643800109624863,-0.5592730045318604,0.8276820182800293,0,0,2.093641996383667,0,1,-0.7866460084915161,0.29506000876426697,-0.5423359870910645,0,-0.556331992149353,-0.7196769714355469,0.41540300846099854,0,-0.26773801445961,0.6284930109977722,0.7302830219268799,0,-1.006579041481018,-0.5561349987983704,0.20773600041866302,1,0.9841709733009338,-0.16517199575901031,0.06423000246286392,0,0.14610199630260468,0.551056981086731,-0.8215780258178711,0,0.10030700266361237,0.8179579973220825,0.5664659738540649,0,0,5.118267059326172,0,1,0.9019700288772583,0.43170300126075745,0.009081999771296978,0,-0.09596499800682068,0.17990800738334656,0.9789909720420837,0,0.42100000381469727,-0.8838919997215271,0.2037000060081482,0,0,5.330057144165039,0,1,0.9961310029029846,0.0009399999980814755,-0.08787500113248825,0,0.04401500150561333,0.8601449728012085,0.5081470012664795,0,0.07606299966573715,-0.5100489854812622,0.8567749857902527,0,0,2.123795986175537,0,1
K0.034,0.695911169052124,-0.011211403645575047,0.7180347442626953,0,-0.10973451286554337,0.9864755272865295,0.12175697833299637,0,-0.7096882462501526,-0.16352425515651703,0.6852685809135437,0,0.17159993946552277,9.834370613098145,-0.1324828416109085,1,0.9975517988204956,-0.03049376793205738,-0.06287786364555359,0,0.02941971831023693,0.9994024634361267,-0.0179189071059227,0,0.0633886381983757,0.01602272503077984,0.997859537601471,0,0,0.9983789920806885,-0.15028800070285797,1,0.999241828918457,0.036057405173778534,-0.014652586542069912,0,-0.03581393137574196,0.9992214441299438,0.016538862138986588,0,0.01523758377879858,-0.016001299023628235,0.9997555017471313,0,0,1.1778980493545532,0,1,0.9997252821922302,0.01685764081776142,-0.016258779913187027,0,-0.01683720573782921,0.9998567700386047,0.001370931975543499,0,0.016279229894280434,-0.0010972286108881235,0.9998665452003479,0,0,1.3461699485778809,0,1,0.987622857093811,-0.00967604573816061,-0.15653231739997864,0,0.02522982843220234,0.9948976039886475,0.0976490005850792,0,0.15478889644145966,-0.10038882493972778,0.98282790184021,0,0,1.5144399404525757,0,1,0.9237557053565979,-0.1154869869351387,-0.365126371383667,0,0.08407820761203766,0.9913442134857178,-0.1008298471570015,0,0.37360966205596924,0.062447208911180496,0.9254704117774963,0,0,0.38247400522232056,0.131632998585701,1,0.13787832856178284,-0.04077392444014549,-0.9896019697189331,0,0.9716841578483582,-0.18781913816928864,0.143123596906662,0,-0.19170711934566498,-0.9813278913497925,0.013752313330769539,0,0.8356249928474426,1.2380340099334717,-0.01992800086736679,1,0.944395899772644,0.26122087240219116,-0.19959768652915955,0,-0.11229868233203888,0.8269545435905457,0.5509064793586731,0,0.30897146463394165,-0.49789080023765564,0.8103302121162415,0,0,1.6361240148544312,0,1,-0.05002129450440407,0.8379368185997009,0.5434485673904419,0,-0.9248948693275452,0.16645072400569916,-0.3418142795562744,0,-0.376869261264801,-0.5197269916534424,0.7666913270950317,0,0,3.1778481006622314,0,1,0.9830487966537476,-0.09684121608734131,0.1556783765554428,0,0.09314104914665222,0.9951680302619934,0.030924148857593536,0,-0.1579211801290512,-0.015900127589702606,0.9873188138008118,0,0,2.3241920471191406,0,1,0.7560327053070068,0.6395824551582336,0.13893119990825653,0,-0.5697922110557556,0.5388286113739014,0.6204420328140259,0,0.32196280360221863,-0.5482606887817383,0.771793007850647,0,-0.3170430064201355,0.3968839943408966,0.09427399933338165,1,0.8303696513175964,-0.4715515375137329,-0.29680052399635315,0,0.46594223380088806,0.8797822594642639,-0.09411107748746872,0,0.3054967522621155,-0.06013365089893341,0.9502637386322021,0,0.0424560010433197,0.4111289978027344,0,1,0.5524817705154419,0.2185649871826172,-0.8043250441551208,0,0.12365657836198807,0.9327592849731445,0.338382750749588,0,0.8242874145507812,-0.28639787435531616,0.4882734417915344,0,-0.05554800108075142,0.4512220025062561,0,1,0.9859395623207092,0.16466523706912994,0.02796606719493866,0,-0.08248904347419739,0.33467087149620056,0.9383696913719177,0,0.1452864706516266,-0.9274842143058777,0.3435646593570709,0,-0.45437100529670715,1.4987620115280151,-0.0124719999730587,1,0.998584508895874,0.0508626364171505,-0.015552837401628494,0,-0.013181878253817558,0.5199423432350159,0.8538672924041748,0,0.05150776356458664,-0.8524545431137085,0.5198767185211182,0,0.0010110000148415565,0.3291040062904358,0,1,0.9986943602561951,-0.032212138175964355,-0.03962580859661102,0,0.05040194094181061,0.4962259531021118,0.8664759993553162,0,-0.008255111053586006,-0.867342472076416,0.49720218777656555,0,-0.0018230000277981162,0.318450003862381,0,1,0.9986459612846375,0.0043097808957099915,0.05180126801133156,0,-0.051297660917043686,0.2454405575990677,0.9677302241325378,0,-0.008512790314853191,-0.9690788984298706,0.2453298717737198,0,-0.16069099307060242,1.6975150108337402,-0.003025999991223216,1,0.9982234835624695,0.05668800324201584,-0.018333833664655685,0,-0.004347630310803652,0.3761630058288574,0.9263331890106201,0,0.05939778313040733,-0.9246089458465576,0.3757419288158417,0,0.00038499999209307134,0.2917580008506775,0,1,0.9986073970794678,-0.03700866177678108,-0.03758098557591438,0,0.051142532378435135,0.5047525763511658,0.8615806698799133,0,-0.012923267669975758,-0.8623032569885254,0.5059432983398438,0,-0.0006399999838322401,0.29582899808883667,0,1,0.9984703063964844,-0.020146643742918968,0.05138935148715973,0,-0.047459740191698074,0.16370150446891785,0.985113799571991,0,-0.028292011469602585,-0.9860466122627258,0.16249750554561615,0,0.19113899767398834,1.5154680013656616,-0.06067899987101555,1,0.9994197487831116,-0.03321937844157219,-0.00746217742562294,0,0.024137575179338455,0.5368844866752625,0.8432416319847107,0,-0.024011988192796707,-0.8429322838783264,0.537375271320343,0,0.000295000005280599,0.3151949942111969,0,1,0.9966486096382141,-0.07446079701185226,-0.03385724127292633,0,0.06223423033952713,0.42175614833831787,0.904414713382721,0,-0.053079087287187576,-0.9034910202026367,0.4249768853187561,0,0.000375000003259629,0.30602699518203735,0,1,0.9872480630874634,-0.11356484144926071,0.11143890023231506,0,-0.08817372471094131,0.1929967999458313,0.9770879745483398,0,-0.13249437510967255,-0.9744524359703064,0.18052668869495392,0,0.42392298579216003,1.4160150289535522,-0.008755000308156013,1,0.9966908693313599,-0.06840947270393372,-0.043896861374378204,0,0.0660117045044899,0.366229385137558,0.9280958771705627,0,-0.0474267303943634,-0.9279223680496216,0.36953455209732056,0,-0.0004879999905824661,0.27680501341819763,0,1,0.9974021315574646,-0.06624583899974823,-0.02829691208899021,0,0.06598013639450073,0.6824550032615662,0.7279345989227295,0,-0.028912559151649475,-0.727910578250885,0.6850528120994568,0,0.0014039999805390835,0.2351509928703308,0,1,-0.3068830966949463,0.10494997352361679,0.9458954334259033,0,-0.947048008441925,-0.13169552385807037,-0.29267802834510803,0,0.0938330814242363,-0.9856969714164734,0.13976143300533295,0,-0.8356249928474426,1.2444159984588623,-0.062327999621629715,1,0.9719887971878052,-0.10479959100484848,0.21032381057739258,0,-0.03701033815741539,0.8155220150947571,0.5774592161178589,0,-0.23200997710227966,-0.5690761208534241,0.7888234257698059,0,0,1.6361240148544312,0,1,0.2964709997177124,-0.9517538547515869,-0.079022116959095,0,0.9438118934631348,0.30462828278541565,-0.12812985479831696,0,0.14602550864219666,-0.03659532219171524,0.9885907173156738,0,0,3.1671910285949707,0,1,0.9180124998092651,-0.3330731987953186,-0.2151499092578888,0,0.36172032356262207,0.9257261753082275,0.11026578396558762,0,0.16243033111095428,-0.17905721068382263,0.9703312516212463,0,0,2.322593927383423,0,1,0.9285849928855896,-0.2621249854564667,0.26271700859069824,0,-0.061181001365184784,0.5900949835777283,0.8050119876861572,0,-0.36604100465774536,-0.7635959982872009,0.5319169759750366,0,0.38546499609947205,0.4353080093860626,0.17105400562286377,1,0.9623090028762817,0.08507400006055832,0.258309006690979,0,-0.024320000782608986,0.9729260206222534,-0.22983300685882568,0,-0.2708680033683777,0.21488898992538452,0.9383249878883362,0,0.007813000120222569,0.4848029911518097,0,1,0.9642260074615479,0.09760499745607376,-0.2464579939842224,0,-0.15250399708747864,0.9647259712219238,-0.21458399295806885,0,0.21682000160217285,0.2444930076599121,0.9450989961624146,0,0.032885000109672546,0.41123300790786743,0,1,0.9995279312133789,-0.030646521598100662,0.0020460423547774553,0,0.013525718823075294,0.498981773853302,0.8665071129798889,0,-0.02757633849978447,-0.866070032119751,0.4991607964038849,0,0.4532720148563385,1.5354089736938477,-0.002059000078588724,1,0.9974759817123413,-0.07077399641275406,0.005673999898135662,0,0.022890999913215637,0.3962010145187378,0.9178779721260071,0,-0.06720999628305435,-0.9154319763183594,0.396820992231369,0,-0.0005159999709576368,0.31648099422454834,0,1,0.9995440244674683,0.002935985801741481,0.030063999816775322,0,-0.02738099917769432,0.5083420276641846,0.8607199788093567,0,-0.012756000272929668,-0.8611500263214111,0.5081899762153625,0,0.0013699999544769526,0.31030499935150146,0,1,0.9971830248832703,-0.07074099779129028,-0.0249439999461174,0,0.050586998462677,0.3886910080909729,0.9199789762496948,0,-0.055384013801813126,-0.9186490178108215,0.39117398858070374,0,0.15245600044727325,1.5617879629135132,-0.037689998745918274,1,0.9969090223312378,-0.0783969983458519,0.005104000214487314,0,0.0024139999877661467,0.09551098197698593,0.9954249858856201,0,-0.07852599769830704,-0.9923359751701355,0.0954049825668335,0,-0.00021300000662449747,0.3531000018119812,0,1,0.9995120167732239,0.026156999170780182,0.017098000273108482,0,-0.031247999519109726,0.8412060141563416,0.5398110151290894,0,-0.0002640000020619482,-0.5400819778442383,0.8416119813919067,0,0.00022899999748915434,0.3242399990558624,0,1,0.999360978603363,-0.013646000064909458,0.03302598372101784,0,-0.029353000223636627,0.213578999042511,0.976485013961792,0,-0.020378999412059784,-0.9768310189247131,0.2130420058965683,0,-0.18373599648475647,1.5477629899978638,-0.002099999925121665,1,0.9997259974479675,-0.01903398521244526,-0.013643999584019184,0,0.018549000844359398,0.28789401054382324,0.9574819803237915,0,-0.014295999892055988,-0.9574729800224304,0.2881689965724945,0,0.0008019999950192869,0.29156801104545593,0,1,0.9995779991149902,0.029025999829173088,0.0006670000148005784,0,-0.022933999076485634,0.7752919793128967,0.6311860084533691,0,0.01780400052666664,-0.63093501329422,0.7756310105323792,0,-0.0009759999811649323,0.2917819917201996,0,1,0.9969589710235596,-0.040174998342990875,-0.06677799671888351,0,0.06962499767541885,0.07422199845314026,0.99480801820755,0,-0.035009998828172684,-0.9964320063591003,0.07679300010204315,0,-0.4219920039176941,1.4203300476074219,-0.016217000782489777,1,0.9994189739227295,0.031139014288783073,0.013864999637007713,0,-0.029411999508738518,0.5822150111198425,0.8125029802322388,0,0.017228014767169952,-0.8124390244483948,0.5827919840812683,0,0.0005549999768845737,0.27550700306892395,0,1,0.9994329810142517,0.03282799944281578,0.007424000184983015,0,-0.032786983996629715,0.8997359871864319,0.4352000057697296,0,0.007606999948620796,-0.43519699573516846,0.9003030061721802,0,-0.001623000018298626,0.23328499495983124,0,1,-0.716530442237854,0.0543828085064888,0.6954197883605957,0,0.5881780982017517,-0.48884743452072144,0.6442425847053528,0,0.3749788701534271,0.8706623911857605,0.3182922601699829,0,1.006579041481018,-0.5561349987983704,0.1792750060558319,1,0.971909761428833,-0.027618834748864174,-0.23371393978595734,0,-0.1779613047838211,0.5636326670646667,-0.8066090941429138,0,0.15400387346744537,0.825543999671936,0.5428848266601562,0,0,5.118797779083252,0,1,0.9951337575912476,-0.07378055900335312,0.06529956310987473,0,-0.024993950501084328,0.4520359933376312,0.8916478157043457,0,-0.09530356526374817,-0.8889422416687012,0.44799286127090454,0,0,5.320000171661377,0,1,0.9989050030708313,-0.031001605093479156,0.03505135327577591,0,0.0060570561327040195,0.8284121751785278,0.5600867867469788,0,-0.04640024155378342,-0.5592607855796814,0.8276922106742859,0,0,2.093641996383667,0,1,-0.7912262678146362,0.31558480858802795,-0.5237895250320435,0,-0.5545633435249329,-0.731273889541626,0.39709240198135376,0,-0.2577216923236847,0.604663610458374,0.7536143064498901,0,-1.006579041481018,-0.5561349987983704,0.20773600041866302,1,0.9848470687866211,-0.16763193905353546,0.04438675567507744,0,0.13445857167243958,0.5765124559402466,-0.8059362173080444,0,0.1095200777053833,0.7996955513954163,0.5903156399726868,0,0,5.118267059326172,0,1,0.9148849248886108,0.4036794602870941,0.0037921250332146883,0,-0.09707678109407425,0.21088765561580658,0.9726752042770386,0,0.3918519616127014,-0.8902541995048523,0.23213133215904236,0,0,5.330057144165039,0,1,0.9958232045173645,0.030423559248447418,-0.0859057679772377,0,0.020011918619275093,0.8466809391975403,0.531684398651123,0,0.0889350175857544,-0.5311828255653381,0.8425599932670593,0,0,2.123795986175537,0,1
